quat	0.91	-0.03	-0.02	-0.41		190	-370	16428	-6	1	19

quat	0.91	-0.03	-0.02	-0.41		46	-438	16436	-7	13	14

quat	0.91	-0.03	-0.02	-0.41		202	-430	16548	6	16	-7

quat	0.91	-0.03	-0.02	-0.41		158	-346	16500	-2	1	-6

quat	0.91	-0.03	-0.02	-0.41		202	-302	16284	-2	-8	-6

quat	0.91	-0.02	-0.02	-0.41		160	-314	16436	-4	-13	9

quat	0.91	-0.02	-0.02	-0.41		60	-386	16448	-17	-7	26

quat	0.91	-0.02	-0.02	-0.41		50	-380	16410	-2	-1	5

quat	0.91	-0.02	-0.02	-0.41		136	-306	16300	-6	19	7

quat	0.91	-0.02	-0.02	-0.41		246	-332	16490	15	25	0

quat	0.91	-0.02	-0.01	-0.41		184	-384	16560	4	2	7

quat	0.91	-0.02	-0.01	-0.41		144	-348	16536	4	-13	7

quat	0.91	-0.02	-0.01	-0.41		166	-312	16476	6	-5	5

quat	0.91	-0.02	-0.01	-0.41		100	-288	16624	-8	-1	12

quat	0.91	-0.02	-0.01	-0.41		246	-296	16566	-24	6	15

quat	0.91	-0.02	-0.01	-0.41		210	-254	16386	-22	2	19

quat	0.91	-0.02	-0.01	-0.41		80	-294	16378	-14	10	15

quat	0.91	-0.02	-0.01	-0.41		134	-402	16428	10	13	6

quat	0.91	-0.02	-0.01	-0.41		120	-406	16374	11	6	-2

quat	0.91	-0.02	-0.01	-0.41		214	-436	16398	8	9	-7

quat	0.91	-0.02	-0.01	-0.41		164	-378	16498	-3	7	8

quat	0.91	-0.02	-0.01	-0.41		158	-306	16344	-9	7	9

quat	0.91	-0.02	-0.01	-0.41		194	-356	16522	18	9	4

quat	0.91	-0.02	-0.01	-0.41		162	-298	16588	9	-4	3

quat	0.91	-0.02	-0.01	-0.41		150	-390	16448	-11	1	10

quat	0.91	-0.02	-0.01	-0.41		174	-374	16442	-8	3	13

quat	0.91	-0.02	-0.01	-0.41		228	-468	16492	-2	3	-8

quat	0.91	-0.02	-0.01	-0.41		128	-400	16442	-12	26	-5

quat	0.91	-0.02	-0.01	-0.41		138	-338	16466	9	28	-21

quat	0.91	-0.02	-0.01	-0.41		340	-274	16286	-13	14	-2

quat	0.91	-0.02	-0.01	-0.41		156	-350	16358	-10	2	22

quat	0.91	-0.02	-0.01	-0.41		62	-362	16424	-2	11	17

quat	0.91	-0.02	-0.01	-0.41		140	-366	16502	7	19	-1

quat	0.91	-0.02	-0.01	-0.41		190	-362	16436	-2	14	1

quat	0.91	-0.02	-0.01	-0.41		106	-360	16346	-10	7	9

quat	0.91	-0.02	-0.01	-0.41		66	-384	16468	6	-10	10

quat	0.91	-0.02	-0.01	-0.41		150	-358	16434	3	-22	11

quat	0.91	-0.02	-0.01	-0.41		134	-350	16534	5	-17	9

quat	0.91	-0.02	-0.01	-0.41		110	-414	16462	1	-2	-1

quat	0.91	-0.02	-0.01	-0.41		196	-274	16382	0	7	-8

quat	0.91	-0.02	-0.01	-0.41		172	-330	16448	-7	11	15

quat	0.91	-0.02	-0.01	-0.41		106	-368	16488	1	5	14

quat	0.91	-0.02	-0.01	-0.41		124	-350	16450	0	1	7

quat	0.91	-0.02	-0.01	-0.41		94	-394	16470	-11	1	3

quat	0.91	-0.02	-0.01	-0.41		150	-400	16524	-1	-1	-11

quat	0.91	-0.02	-0.01	-0.41		242	-262	16392	-7	-10	-3

quat	0.91	-0.02	-0.01	-0.41		164	-290	16416	8	-24	7

quat	0.91	-0.02	-0.01	-0.41		242	-256	16394	-1	-26	23

quat	0.91	-0.02	-0.01	-0.41		76	-302	16444	5	-17	24

quat	0.91	-0.02	-0.01	-0.41		58	-418	16518	-1	4	8

quat	0.91	-0.02	-0.01	-0.41		184	-366	16434	3	21	-12

quat	0.91	-0.02	-0.01	-0.41		324	-362	16430	-3	16	-8

quat	0.91	-0.02	-0.01	-0.41		264	-398	16358	-2	8	5

quat	0.91	-0.02	-0.01	-0.41		200	-442	16468	-5	-10	15

quat	0.91	-0.02	-0.01	-0.41		188	-422	16404	-14	-6	22

quat	0.91	-0.02	-0.01	-0.41		82	-392	16426	-7	22	15

quat	0.91	-0.02	-0.01	-0.41		140	-398	16536	1	32	2

quat	0.91	-0.02	-0.01	-0.41		96	-374	16500	-8	12	-1

quat	0.91	-0.02	-0.01	-0.41		116	-304	16360	-2	-3	0

quat	0.91	-0.02	-0.01	-0.41		212	-310	16332	-2	-19	6

quat	0.91	-0.02	-0.01	-0.41		114	-356	16316	5	-7	9

quat	0.91	-0.02	-0.01	-0.41		254	-390	16468	3	9	8

quat	0.91	-0.02	-0.01	-0.41		124	-416	16450	5	22	-2

quat	0.91	-0.02	-0.01	-0.41		218	-382	16462	10	19	-4

quat	0.91	-0.02	-0.01	-0.41		190	-394	16442	17	8	-2

quat	0.91	-0.02	-0.01	-0.41		186	-394	16528	22	-4	-12

quat	0.91	-0.02	-0.01	-0.41		172	-370	16542	3	-6	-8

quat	0.91	-0.02	-0.01	-0.41		142	-230	16324	-18	10	-2

quat	0.91	-0.02	-0.01	-0.41		192	-250	16310	-14	41	13

quat	0.91	-0.02	-0.01	-0.41		42	-314	16438	-18	34	12

quat	0.91	-0.02	-0.01	-0.41		-36	-384	16252	-11	24	4

quat	0.91	-0.02	-0.01	-0.41		22	-322	16562	14	12	-1

quat	0.91	-0.02	-0.01	-0.41		124	-272	16522	11	-5	-8

quat	0.91	-0.02	-0.01	-0.41		202	-216	16504	22	9	-9

quat	0.91	-0.02	-0.01	-0.41		210	-302	16650	6	5	6

quat	0.91	-0.02	-0.01	-0.41		226	-248	16358	-19	-1	14

quat	0.91	-0.02	-0.01	-0.41		130	-346	16444	-20	6	23

quat	0.91	-0.02	-0.00	-0.41		114	-438	16490	-7	17	9

quat	0.91	-0.02	-0.00	-0.41		54	-464	16462	-3	12	-2

quat	0.91	-0.02	-0.00	-0.41		90	-422	16414	-4	13	-16

quat	0.91	-0.02	-0.00	-0.41		132	-298	16412	4	15	-14

quat	0.91	-0.02	-0.00	-0.41		226	-244	16286	-6	20	0

quat	0.91	-0.02	-0.00	-0.41		-54	-304	16470	9	22	17

quat	0.91	-0.02	-0.00	-0.41		48	-368	16546	3	20	4

quat	0.91	-0.02	-0.00	-0.41		106	-332	16544	-2	9	7

quat	0.91	-0.02	-0.00	-0.41		212	-330	16572	9	11	5

quat	0.91	-0.02	-0.00	-0.41		192	-352	16440	2	21	-2

quat	0.91	-0.02	-0.00	-0.41		184	-458	16392	3	21	-4

quat	0.91	-0.02	-0.00	-0.41		182	-416	16302	-7	-1	2

quat	0.91	-0.02	-0.00	-0.41		74	-380	16340	-5	-15	12

quat	0.91	-0.02	-0.00	-0.41		-12	-408	16472	0	-8	16

quat	0.91	-0.02	-0.00	-0.41		-44	-406	16454	7	10	5

quat	0.91	-0.02	-0.00	-0.41		104	-412	16508	5	39	-15

quat	0.91	-0.02	-0.00	-0.41		68	-328	16366	-8	32	-7

quat	0.91	-0.02	-0.00	-0.41		32	-374	16254	-2	22	-11

quat	0.91	-0.02	-0.00	-0.41		56	-350	16388	10	-7	-9

quat	0.91	-0.01	-0.00	-0.41		14	-338	16398	34	-20	-14

quat	0.91	-0.01	-0.00	-0.41		110	-250	16398	25	-12	-19

quat	0.91	-0.01	-0.00	-0.41		160	-166	16606	30	9	-20

quat	0.91	-0.01	-0.00	-0.41		164	-178	16664	9	17	-9

quat	0.91	-0.01	-0.00	-0.41		278	-194	16576	-7	26	4

quat	0.91	-0.01	-0.00	-0.41		374	-128	16392	-10	40	17

quat	0.91	-0.01	-0.00	-0.41		34	-396	16634	3	39	30

quat	0.91	-0.01	-0.00	-0.41		-106	-348	16604	-16	4	14

quat	0.91	-0.01	-0.00	-0.41		-90	-272	16468	-7	-11	-8

quat	0.91	-0.01	-0.00	-0.41		60	-224	16538	-16	7	-6

quat	0.91	-0.01	-0.00	-0.41		-2	-170	16484	-21	13	1

quat	0.91	-0.01	-0.00	-0.41		26	-294	16478	-30	11	3

quat	0.91	-0.01	-0.00	-0.41		56	-276	16444	-15	8	-5

quat	0.91	-0.01	-0.00	-0.41		112	-256	16316	-3	10	-14

quat	0.91	-0.01	-0.00	-0.41		250	-290	16364	-4	13	0

quat	0.91	-0.01	-0.00	-0.41		188	-296	16380	-12	3	15

quat	0.91	-0.01	-0.00	-0.41		12	-394	16516	-13	-15	21

quat	0.91	-0.01	-0.00	-0.41		-22	-464	16508	-9	-21	7

quat	0.91	-0.01	-0.00	-0.41		-118	-452	16480	2	-19	-16

quat	0.91	-0.01	-0.00	-0.41		114	-420	16604	13	-11	-38

quat	0.91	-0.01	-0.00	-0.41		174	-310	16450	-23	-3	-10

quat	0.91	-0.01	-0.00	-0.41		218	-282	16414	-20	7	0

quat	0.91	-0.01	-0.00	-0.41		114	-318	16488	-33	7	29

quat	0.91	-0.01	-0.00	-0.41		-174	-412	16480	-35	5	31

quat	0.91	-0.01	0.00	-0.41		-146	-546	16560	-14	11	1

quat	0.91	-0.01	0.00	-0.41		6	-646	16478	1	20	-40

quat	0.91	-0.01	0.00	-0.41		88	-428	16384	-16	17	-31

quat	0.91	-0.01	0.00	-0.41		160	-332	16326	3	-1	-23

quat	0.91	-0.01	0.00	-0.41		200	-242	16438	-7	-18	-5

quat	0.91	-0.01	0.00	-0.41		92	-256	16464	-14	-27	13

quat	0.91	-0.01	0.00	-0.41		68	-328	16486	-17	-13	2

quat	0.91	-0.01	0.00	-0.41		128	-324	16548	-26	0	-1

quat	0.91	-0.01	0.00	-0.41		166	-328	16442	-34	10	2

quat	0.91	-0.02	0.00	-0.41		120	-288	16354	-23	7	4

quat	0.91	-0.02	0.00	-0.41		48	-368	16332	-11	6	-1

quat	0.91	-0.02	0.00	-0.41		206	-374	16378	2	6	-11

quat	0.91	-0.02	0.00	-0.41		334	-318	16472	-25	2	22

quat	0.91	-0.02	0.00	-0.41		196	-420	16508	-30	-3	38

quat	0.91	-0.02	0.00	-0.41		-34	-518	16560	-37	-4	32

quat	0.91	-0.02	0.00	-0.41		-28	-488	16402	-35	5	8

quat	0.91	-0.02	0.00	-0.41		80	-464	16352	-30	28	-7

quat	0.91	-0.02	0.00	-0.41		166	-462	16444	-16	34	-4

quat	0.91	-0.02	0.00	-0.41		58	-378	16484	-19	5	22

quat	0.91	-0.02	0.00	-0.41		-42	-480	16436	-6	-7	3

quat	0.91	-0.02	0.00	-0.41		68	-402	16516	-11	-16	4

quat	0.91	-0.02	0.00	-0.41		12	-342	16440	-25	-12	15

quat	0.91	-0.02	0.00	-0.41		50	-410	16472	-17	10	14

quat	0.91	-0.02	0.00	-0.41		78	-492	16424	-26	23	12

quat	0.91	-0.02	0.00	-0.41		-22	-520	16418	-27	19	12

quat	0.91	-0.02	0.00	-0.41		66	-490	16470	-13	13	3

quat	0.91	-0.02	0.00	-0.41		56	-486	16542	-12	-12	0

quat	0.91	-0.02	0.00	-0.41		188	-482	16508	-18	-16	8

quat	0.91	-0.02	0.00	-0.40		134	-482	16500	-21	-6	11

quat	0.91	-0.02	0.00	-0.40		98	-476	16452	-28	-1	24

quat	0.91	-0.02	0.00	-0.40		-54	-518	16324	-32	-6	28

quat	0.91	-0.02	0.00	-0.40		-160	-654	16422	-13	5	2

quat	0.91	-0.02	0.00	-0.40		38	-574	16384	-1	-15	-26

quat	0.91	-0.02	0.00	-0.40		272	-426	16382	8	-10	-28

quat	0.91	-0.02	0.00	-0.40		246	-466	16358	5	-19	-15

quat	0.91	-0.02	0.00	-0.41		270	-450	16456	12	-8	3

quat	0.91	-0.02	0.00	-0.40		144	-408	16522	0	-12	24

quat	0.91	-0.02	0.00	-0.40		104	-488	16514	5	-2	30

quat	0.91	-0.02	0.00	-0.40		-28	-628	16440	-17	1	33

quat	0.91	-0.02	0.00	-0.40		-108	-626	16440	-16	11	20

quat	0.91	-0.02	0.00	-0.40		-102	-694	16310	-5	-5	1

quat	0.91	-0.02	0.00	-0.40		102	-628	16270	7	-16	-12

quat	0.91	-0.02	0.00	-0.40		140	-580	16426	17	-26	-10

quat	0.91	-0.02	0.00	-0.40		250	-478	16466	-6	-25	12

quat	0.91	-0.02	0.00	-0.40		156	-446	16420	9	-11	19

quat	0.91	-0.02	0.00	-0.40		124	-462	16636	15	3	15

quat	0.91	-0.02	0.00	-0.40		164	-470	16320	5	1	6

quat	0.91	-0.02	0.00	-0.40		92	-466	16338	18	8	7

quat	0.91	-0.02	0.00	-0.40		86	-494	16442	22	8	7

quat	0.91	-0.02	0.00	-0.40		116	-530	16502	28	-10	-3

quat	0.91	-0.02	0.00	-0.40		240	-450	16448	34	-18	-8

quat	0.91	-0.02	0.00	-0.40		268	-490	16444	29	-10	-2

quat	0.91	-0.02	0.00	-0.40		44	-484	16330	5	4	9

quat	0.91	-0.02	0.00	-0.40		62	-482	16338	9	21	2

quat	0.91	-0.02	0.00	-0.40		60	-532	16484	18	9	1

quat	0.91	-0.02	0.00	-0.40		82	-510	16408	19	-3	-5

quat	0.91	-0.02	0.00	-0.40		54	-458	16510	21	-13	-5

quat	0.91	-0.02	0.00	-0.40		148	-430	16556	18	-4	-3

quat	0.91	-0.02	0.00	-0.40		214	-340	16500	17	9	-3

quat	0.91	-0.02	0.00	-0.40		196	-326	16660	6	15	1

quat	0.91	-0.02	0.00	-0.40		252	-388	16546	-11	6	1

quat	0.91	-0.02	0.00	-0.40		310	-300	16380	-13	1	6

quat	0.91	-0.02	0.00	-0.40		196	-394	16392	-15	14	24

quat	0.91	-0.02	0.00	-0.40		86	-416	16310	-14	27	15

quat	0.91	-0.02	0.00	-0.40		66	-480	16466	4	34	10

quat	0.91	-0.02	0.00	-0.40		80	-456	16508	-10	28	15

quat	0.91	-0.02	0.00	-0.40		46	-430	16448	-19	11	19

quat	0.91	-0.02	0.00	-0.40		96	-440	16526	-9	10	12

quat	0.91	-0.02	0.00	-0.40		62	-438	16474	-11	4	20

quat	0.92	-0.02	0.00	-0.40		6	-440	16458	-7	6	8

quat	0.91	-0.02	0.00	-0.40		78	-492	16488	9	6	-10

quat	0.91	-0.02	0.00	-0.40		224	-414	16418	-1	6	-3

quat	0.92	-0.02	0.00	-0.40		114	-428	16470	-4	3	14

quat	0.92	-0.02	0.00	-0.40		104	-482	16478	-11	7	16

quat	0.92	-0.02	0.00	-0.40		46	-432	16476	-15	18	8

quat	0.92	-0.02	0.00	-0.40		132	-404	16462	-7	25	-2

quat	0.92	-0.02	0.00	-0.40		138	-346	16470	-15	24	5

quat	0.92	-0.02	0.00	-0.40		-14	-406	16618	-7	-3	12

quat	0.92	-0.02	0.00	-0.40		32	-442	16364	-1	-24	8

quat	0.92	-0.02	0.00	-0.40		-46	-394	16398	-9	4	23

quat	0.92	-0.02	0.00	-0.40		-48	-552	16468	7	21	1

quat	0.92	-0.01	0.00	-0.40		40	-608	16452	7	20	-12

quat	0.92	-0.01	0.00	-0.40		304	-462	16410	1	-1	-27

quat	0.92	-0.01	0.00	-0.40		358	-392	16354	-9	-7	7

quat	0.92	-0.02	0.00	-0.40		180	-416	16486	-9	-12	28

quat	0.92	-0.02	0.00	-0.40		32	-496	16558	-6	-22	22

quat	0.92	-0.02	0.00	-0.40		-36	-524	16438	-9	-15	2

quat	0.92	-0.02	0.00	-0.40		110	-468	16420	-8	-3	-6

quat	0.92	-0.02	0.00	-0.40		130	-470	16364	-22	18	7

quat	0.92	-0.02	0.00	-0.40		126	-398	16378	-11	21	14

quat	0.92	-0.02	0.00	-0.40		112	-400	16486	-3	8	22

quat	0.92	-0.02	0.00	-0.40		100	-484	16466	-7	-1	26

quat	0.92	-0.02	0.00	-0.40		-14	-460	16440	-9	15	17

quat	0.92	-0.02	0.00	-0.40		102	-508	16442	-2	15	4

quat	0.92	-0.02	0.00	-0.40		-60	-490	16380	-12	13	5

quat	0.92	-0.02	0.00	-0.40		180	-404	16372	9	-6	-12

quat	0.92	-0.02	0.00	-0.40		110	-424	16448	5	-14	3

quat	0.92	-0.02	0.00	-0.40		126	-430	16420	-7	-4	11

quat	0.92	-0.02	0.00	-0.40		102	-442	16440	6	0	6

quat	0.92	-0.02	0.00	-0.40		-16	-460	16366	7	12	5

quat	0.92	-0.02	0.00	-0.40		64	-474	16468	20	15	-7

quat	0.92	-0.01	0.00	-0.40		34	-470	16422	6	7	-3

quat	0.92	-0.01	0.00	-0.40		84	-434	16412	-6	-5	4

quat	0.92	-0.01	0.00	-0.40		112	-442	16480	7	-16	6

quat	0.92	-0.01	0.00	-0.40		24	-398	16402	3	-25	7

quat	0.92	-0.01	0.00	-0.40		86	-442	16566	14	-17	-8

quat	0.92	-0.01	0.00	-0.40		144	-438	16504	-1	0	-1

quat	0.92	-0.01	0.00	-0.40		156	-428	16460	2	-2	-2

quat	0.92	-0.01	0.00	-0.40		136	-416	16422	-1	-7	0

quat	0.92	-0.01	0.00	-0.40		74	-374	16314	-10	-5	15

quat	0.92	-0.01	0.00	-0.40		140	-456	16468	5	-3	13

quat	0.92	-0.01	0.00	-0.40		116	-470	16514	-2	-13	17

quat	0.92	-0.02	0.00	-0.40		170	-472	16566	-6	-10	23

quat	0.92	-0.02	0.00	-0.40		86	-480	16506	-11	-17	20

quat	0.92	-0.02	0.00	-0.40		14	-404	16436	-15	-15	12

quat	0.92	-0.02	0.00	-0.40		106	-420	16402	9	-2	2

quat	0.92	-0.02	0.00	-0.40		72	-488	16472	1	3	5

quat	0.92	-0.02	0.00	-0.40		92	-474	16444	-18	0	6

quat	0.92	-0.02	0.00	-0.40		242	-380	16394	-11	0	-3

quat	0.92	-0.02	0.00	-0.40		270	-398	16406	-5	-10	8

quat	0.92	-0.02	0.00	-0.40		244	-402	16422	0	-28	9

quat	0.92	-0.02	0.00	-0.40		246	-432	16404	0	-16	16

quat	0.92	-0.02	0.00	-0.40		110	-474	16436	-16	4	23

quat	0.92	-0.02	0.00	-0.40		110	-576	16410	-13	16	0

quat	0.92	-0.02	0.00	-0.40		182	-518	16498	-10	12	-2

quat	0.92	-0.02	0.00	-0.40		198	-474	16376	-2	-3	-3

quat	0.92	-0.02	0.00	-0.40		154	-466	16310	-12	-3	8

quat	0.92	-0.02	0.00	-0.40		256	-460	16532	6	-2	2

quat	0.92	-0.02	0.00	-0.40		98	-486	16390	-7	-4	12

quat	0.92	-0.02	0.00	-0.40		144	-498	16446	6	17	-5

quat	0.92	-0.02	0.00	-0.40		260	-532	16512	-13	16	3

quat	0.92	-0.02	0.00	-0.40		190	-516	16392	-20	-4	4

quat	0.92	-0.02	0.00	-0.40		104	-470	16410	-5	-1	1

quat	0.92	-0.02	0.00	-0.40		236	-468	16534	7	-2	-8

quat	0.92	-0.02	0.00	-0.40		146	-406	16424	-13	5	8

quat	0.92	-0.02	0.00	-0.40		86	-450	16400	-4	25	9

quat	0.92	-0.02	0.00	-0.40		118	-484	16404	-1	20	2

quat	0.92	-0.02	0.00	-0.40		132	-460	16350	-6	12	12

quat	0.92	-0.02	0.00	-0.40		48	-482	16410	-7	2	20

quat	0.92	-0.02	0.00	-0.40		54	-484	16412	1	-1	8

quat	0.92	-0.02	0.00	-0.40		98	-496	16532	9	0	-6

quat	0.92	-0.02	0.00	-0.40		282	-444	16620	3	-12	-10

quat	0.92	-0.02	0.00	-0.40		274	-408	16444	-7	-19	2

quat	0.92	-0.02	0.00	-0.40		154	-450	16516	-10	-18	17

quat	0.92	-0.02	0.00	-0.40		260	-356	16478	-5	-17	11

quat	0.92	-0.02	0.00	-0.40		188	-468	16486	-9	-12	19

quat	0.92	-0.02	0.00	-0.40		18	-398	16356	3	16	-8

quat	0.92	-0.02	0.00	-0.40		236	-512	16542	1	46	8

quat	0.92	-0.02	0.00	-0.40		134	-566	16318	-28	16	13

quat	0.92	-0.02	0.00	-0.40		38	-442	16436	-12	-1	8

quat	0.92	-0.02	0.00	-0.40		-34	-484	16578	-9	-19	21

quat	0.92	-0.02	0.00	-0.40		-182	-404	16616	6	-36	5

quat	0.92	-0.02	0.00	-0.40		78	-392	16612	-2	-29	-17

quat	0.92	-0.02	0.00	-0.40		54	-284	16374	-33	-19	-13

quat	0.92	-0.02	0.00	-0.40		298	-414	16364	-4	8	-16

quat	0.92	-0.02	0.00	-0.40		440	-442	16484	-5	8	-5

quat	0.92	-0.02	0.00	-0.40		340	-534	16440	-4	-19	12

quat	0.92	-0.02	0.00	-0.40		264	-564	16458	-12	-24	18

quat	0.92	-0.02	0.00	-0.40		262	-586	16358	-17	-7	15

quat	0.92	-0.02	0.00	-0.40		136	-612	16382	-10	17	-3

quat	0.92	-0.02	0.00	-0.40		386	-632	16540	4	21	-22

quat	0.92	-0.02	0.00	-0.40		434	-700	16408	-24	0	-5

quat	0.92	-0.02	0.00	-0.40		204	-748	16312	-15	-5	17

quat	0.92	-0.02	0.00	-0.40		14	-756	16348	-21	-4	21

quat	0.92	-0.02	0.00	-0.40		-6	-690	16344	-19	0	5

quat	0.92	-0.02	0.00	-0.40		78	-612	16470	-3	-2	-6

quat	0.92	-0.02	0.00	-0.40		74	-484	16520	-1	-9	1

quat	0.92	-0.02	0.00	-0.40		-42	-400	16610	17	-23	5

quat	0.92	-0.02	0.00	-0.40		84	-324	16630	22	-41	-8

quat	0.92	-0.02	0.00	-0.40		192	-372	16530	5	-40	-6

quat	0.92	-0.02	0.00	-0.40		242	-558	16314	-7	-17	-21

quat	0.92	-0.02	0.00	-0.40		452	-544	16378	3	2	-28

quat	0.92	-0.02	0.00	-0.40		536	-468	16224	-8	18	-15

quat	0.92	-0.02	0.00	-0.40		424	-392	16240	-12	24	13

quat	0.92	-0.02	0.00	-0.40		178	-564	16410	-5	24	35

quat	0.92	-0.02	0.00	-0.40		-110	-566	16558	7	-1	25

quat	0.92	-0.02	0.00	-0.40		-66	-522	16464	9	-8	1

quat	0.92	-0.02	0.00	-0.40		-4	-458	16492	18	-2	-17

quat	0.92	-0.02	0.00	-0.40		344	-408	16384	25	15	-23

quat	0.92	-0.02	0.00	-0.40		514	-424	16450	34	5	-3

quat	0.92	-0.02	0.00	-0.40		536	-496	16410	28	-9	12

quat	0.92	-0.02	0.00	-0.40		428	-556	16310	23	1	25

quat	0.92	-0.02	0.00	-0.40		168	-548	16464	16	17	37

quat	0.92	-0.02	0.00	-0.40		-62	-616	16380	15	34	25

quat	0.92	-0.02	0.00	-0.40		-66	-488	16502	22	37	3

quat	0.92	-0.02	0.00	-0.40		8	-432	16330	29	42	-5

quat	0.92	-0.02	0.00	-0.40		60	-426	16432	42	26	-12

quat	0.92	-0.01	0.00	-0.40		222	-522	16358	39	11	-19

quat	0.92	-0.01	0.00	-0.40		338	-446	16364	51	2	-25

quat	0.92	-0.01	0.00	-0.40		366	-406	16504	63	-1	-22

quat	0.92	-0.01	0.00	-0.40		248	-324	16580	44	-2	-15

quat	0.92	-0.01	0.00	-0.40		154	-278	16562	38	6	-2

quat	0.92	-0.01	0.00	-0.40		180	-268	16740	30	3	3

quat	0.92	-0.01	0.00	-0.40		-8	-354	16766	14	-12	12

quat	0.92	-0.01	0.00	-0.40		110	-384	16584	6	-6	-22

quat	0.92	-0.01	0.00	-0.40		314	-354	16490	-20	3	-25

quat	0.92	-0.01	0.00	-0.40		432	-360	16400	-24	13	-15

quat	0.92	-0.01	0.00	-0.40		258	-424	16262	-26	22	-2

quat	0.92	-0.01	0.00	-0.40		364	-384	16384	-15	24	1

quat	0.92	-0.01	0.00	-0.40		116	-430	16312	-34	23	25

quat	0.92	-0.01	0.00	-0.40		38	-560	16388	3	31	1

quat	0.92	-0.01	0.00	-0.40		-88	-488	16430	-1	13	-5

quat	0.92	-0.01	0.00	-0.40		38	-408	16534	13	-10	-14

quat	0.92	-0.01	0.00	-0.40		114	-374	16538	16	-24	-16

quat	0.92	-0.01	0.00	-0.40		144	-292	16540	3	-21	-14

quat	0.92	-0.01	0.00	-0.40		244	-226	16480	19	-14	-25

quat	0.92	-0.01	0.00	-0.40		242	-188	16486	2	2	-14

quat	0.92	-0.01	0.00	-0.40		278	-148	16632	21	1	-4

quat	0.92	-0.01	0.00	-0.40		154	-248	16594	3	-18	10

quat	0.92	-0.01	0.00	-0.40		246	-144	16410	-7	-9	7

quat	0.92	-0.01	0.00	-0.40		218	-240	16578	0	-3	15

quat	0.92	-0.01	0.00	-0.40		76	-302	16598	-11	-11	14

quat	0.92	-0.01	0.00	-0.40		110	-338	16420	7	-21	2

quat	0.92	-0.01	0.00	-0.40		142	-398	16572	9	-19	-7

quat	0.92	-0.01	0.00	-0.40		252	-344	16268	-13	-13	-14

quat	0.92	-0.01	0.00	-0.40		244	-492	16164	-26	21	5

quat	0.92	-0.01	0.00	-0.40		316	-572	16110	-14	22	8

quat	0.92	-0.01	0.00	-0.40		246	-692	16270	13	-7	6

quat	0.92	-0.01	0.00	-0.40		304	-670	16518	40	-46	-2

quat	0.92	-0.01	0.00	-0.40		232	-586	16550	20	-58	6

quat	0.92	-0.01	-0.00	-0.40		154	-478	16598	12	-31	-2

quat	0.92	-0.01	-0.00	-0.40		192	-384	16518	4	-2	-16

quat	0.92	-0.01	-0.00	-0.40		254	-306	16354	-5	21	-14

quat	0.92	-0.01	-0.00	-0.40		198	-282	16368	-12	25	4

quat	0.92	-0.01	-0.00	-0.40		314	-348	16550	7	12	-2

quat	0.92	-0.01	-0.00	-0.40		278	-336	16540	-23	-11	16

quat	0.92	-0.01	-0.00	-0.40		126	-404	16542	-6	-4	5

quat	0.92	-0.01	-0.00	-0.40		210	-392	16530	-7	3	-4

quat	0.92	-0.01	0.00	-0.40		220	-280	16468	-14	16	-14

quat	0.92	-0.01	0.00	-0.40		284	-280	16572	6	4	-21

quat	0.92	-0.01	-0.00	-0.40		388	-170	16502	7	-23	-20

quat	0.92	-0.01	-0.00	-0.40		382	-62	16340	10	-23	7

quat	0.92	-0.01	-0.00	-0.40		254	-136	16348	2	-9	24

quat	0.92	-0.01	-0.00	-0.40		-56	-284	16304	-8	18	26

quat	0.92	-0.01	-0.00	-0.40		70	-328	16442	27	19	-13

quat	0.92	-0.01	-0.00	-0.40		198	-302	16440	13	14	-26

quat	0.92	-0.01	-0.00	-0.40		500	-246	16376	20	-1	-23

quat	0.92	-0.01	-0.00	-0.40		446	-314	16514	11	-9	2

quat	0.92	-0.01	-0.00	-0.40		436	-340	16492	3	-23	16

quat	0.92	-0.01	-0.00	-0.40		322	-310	16452	0	-16	16

quat	0.92	-0.01	-0.00	-0.40		232	-396	16326	-12	12	13

quat	0.92	-0.01	-0.00	-0.40		156	-484	16310	-10	37	2

quat	0.92	-0.01	-0.00	-0.40		288	-520	16274	1	33	-5

quat	0.92	-0.01	-0.00	-0.40		196	-508	16374	-2	14	15

quat	0.92	-0.01	-0.00	-0.40		192	-522	16382	4	-3	14

quat	0.92	-0.01	-0.00	-0.40		230	-500	16554	18	-15	0

quat	0.92	-0.01	-0.00	-0.40		298	-426	16436	-3	-15	-2

quat	0.92	-0.01	-0.00	-0.40		222	-404	16526	6	-7	-4

quat	0.92	-0.01	-0.00	-0.40		308	-250	16618	7	-2	5

quat	0.92	-0.01	-0.00	-0.40		268	-356	16380	-9	0	5

quat	0.92	-0.01	-0.00	-0.40		174	-414	16362	-3	30	-7

quat	0.92	-0.01	-0.00	-0.40		372	-402	16374	-10	39	-12

quat	0.92	-0.01	-0.00	-0.40		334	-300	16264	-20	35	8

quat	0.92	-0.01	0.00	-0.40		142	-458	16380	-13	29	17

quat	0.92	-0.01	0.00	-0.40		174	-356	16404	0	20	-1

quat	0.92	-0.01	0.00	-0.40		200	-246	16362	10	14	-2

quat	0.92	-0.01	0.00	-0.40		98	-312	16526	7	11	0

quat	0.92	-0.01	0.00	-0.40		238	-238	16526	5	4	-5

quat	0.92	-0.01	0.00	-0.40		358	-222	16464	15	0	-5

quat	0.92	-0.01	0.00	-0.40		314	-182	16652	6	17	10

quat	0.92	-0.01	0.00	-0.40		356	-136	16536	3	14	6

quat	0.92	-0.01	0.00	-0.40		268	-296	16536	-17	11	17

quat	0.92	-0.01	0.00	-0.40		76	-184	16380	-26	-1	21

quat	0.92	-0.01	0.00	-0.40		50	-364	16340	-18	17	29

quat	0.92	-0.01	0.00	-0.40		-62	-490	16574	-11	12	7

quat	0.92	-0.01	0.00	-0.40		72	-438	16494	-3	9	-16

quat	0.92	-0.01	0.00	-0.40		314	-340	16628	-1	6	-19

quat	0.92	-0.01	0.00	-0.40		302	-114	16384	-14	-2	-4

quat	0.92	-0.01	0.00	-0.40		68	-262	16700	47	-38	-20

quat	0.92	-0.01	0.00	-0.40		56	-366	16590	6	-48	-3

quat	0.92	-0.01	0.00	-0.40		272	-164	16324	8	-30	-21

quat	0.92	-0.01	-0.00	-0.40		660	-114	16482	23	0	-15

quat	0.92	-0.01	-0.00	-0.40		486	-226	16588	-13	8	21

quat	0.92	-0.01	-0.00	-0.40		262	-272	16542	-4	-7	23

quat	0.92	-0.01	-0.00	-0.40		296	-324	16498	-1	-12	12

quat	0.92	-0.01	-0.00	-0.40		248	-314	16332	-28	0	30

quat	0.92	-0.01	-0.00	-0.40		108	-412	16542	-28	22	30

quat	0.92	-0.01	-0.00	-0.40		132	-364	16442	-32	13	15

quat	0.92	-0.01	0.00	-0.40		144	-394	16496	-24	6	9

quat	0.92	-0.01	0.00	-0.40		174	-320	16418	-15	-19	3

quat	0.92	-0.01	0.00	-0.40		182	-290	16346	-4	-15	12

quat	0.92	-0.01	-0.00	-0.40		226	-348	16368	3	-20	8

quat	0.92	-0.01	-0.00	-0.40		166	-338	16460	-9	-12	16

quat	0.92	-0.01	-0.00	-0.40		142	-446	16372	-17	-12	10

quat	0.92	-0.01	-0.00	-0.40		172	-464	16480	5	-4	-6

quat	0.92	-0.01	-0.00	-0.40		230	-422	16500	-9	-18	-1

quat	0.92	-0.01	-0.00	-0.40		224	-402	16476	-1	-31	-11

quat	0.92	-0.01	-0.00	-0.40		302	-342	16442	-15	-36	-13

quat	0.92	-0.01	-0.00	-0.40		328	-256	16130	-4	-8	-13

quat	0.92	-0.01	-0.00	-0.40		520	-354	16324	9	21	-17

quat	0.92	-0.01	-0.00	-0.40		260	-488	16290	-25	33	3

quat	0.92	-0.01	-0.00	-0.40		498	-490	16280	5	28	-23

quat	0.92	-0.01	-0.00	-0.40		354	-454	16302	-1	16	-1

quat	0.92	-0.01	-0.00	-0.40		274	-522	16366	3	4	9

quat	0.92	-0.01	-0.00	-0.40		148	-522	16432	9	0	4

quat	0.92	-0.01	-0.00	-0.40		140	-454	16384	13	7	-1

quat	0.92	-0.01	-0.00	-0.40		338	-388	16608	30	11	-14

quat	0.92	-0.01	-0.00	-0.40		240	-252	16640	10	-8	1

quat	0.92	-0.01	-0.00	-0.40		208	-192	16486	-4	-25	3

quat	0.92	-0.01	-0.00	-0.40		166	-198	16580	2	-11	-1

quat	0.92	-0.01	-0.00	-0.40		294	-206	16552	2	2	0

quat	0.92	-0.01	-0.00	-0.40		300	-250	16502	-17	5	4

quat	0.92	-0.01	-0.00	-0.40		302	-328	16500	-1	6	-5

quat	0.92	-0.01	-0.00	-0.40		302	-378	16546	-6	-21	-8

quat	0.92	-0.01	-0.00	-0.40		290	-284	16466	-10	-56	-5

quat	0.92	-0.01	-0.00	-0.40		328	-178	16306	7	-71	-2

quat	0.92	-0.01	-0.00	-0.40		370	-110	16168	4	-12	8

quat	0.92	-0.01	-0.00	-0.40		368	-314	16380	4	53	22

quat	0.92	-0.01	-0.00	-0.40		220	-526	16432	3	58	17

quat	0.92	-0.01	-0.00	-0.40		206	-540	16272	-7	31	22

quat	0.92	-0.01	-0.00	-0.40		178	-552	16212	2	24	22

quat	0.92	-0.01	-0.00	-0.40		110	-636	16348	27	23	7

quat	0.92	-0.01	-0.00	-0.40		276	-636	16408	50	24	-15

quat	0.92	-0.01	-0.00	-0.40		366	-428	16480	39	5	-15

quat	0.92	-0.01	-0.00	-0.40		494	-232	16438	41	4	-8

quat	0.92	-0.01	-0.00	-0.40		390	-172	16434	23	15	17

quat	0.92	-0.01	-0.00	-0.40		222	-258	16412	38	6	18

quat	0.92	-0.01	-0.00	-0.40		12	-340	16640	23	8	30

quat	0.92	-0.01	-0.00	-0.40		-22	-322	16416	11	19	2

quat	0.92	-0.01	-0.00	-0.40		214	-346	16522	39	29	-27

quat	0.92	-0.01	-0.00	-0.40		362	-342	16452	5	12	-7

quat	0.92	-0.01	-0.00	-0.40		206	-288	16296	11	-4	3

quat	0.92	-0.01	-0.00	-0.40		206	-278	16430	43	-1	-11

quat	0.92	-0.01	-0.00	-0.40		320	-242	16738	46	-14	-16

quat	0.92	-0.01	-0.00	-0.40		258	-214	16504	33	-26	-20

quat	0.92	-0.01	-0.00	-0.40		238	-134	16482	19	-2	-10

quat	0.92	-0.01	-0.00	-0.40		240	-48	16368	12	12	-19

quat	0.92	-0.01	-0.00	-0.40		494	-44	16390	14	30	-10

quat	0.92	-0.01	-0.00	-0.40		368	-86	16426	11	3	9

quat	0.92	-0.01	-0.00	-0.40		254	-164	16190	22	3	8

quat	0.92	-0.01	-0.00	-0.40		196	-222	16464	22	19	9

quat	0.92	-0.01	-0.00	-0.40		262	-228	16472	10	20	-5

quat	0.92	-0.01	-0.00	-0.40		322	-180	16466	3	30	-5

quat	0.92	-0.01	-0.00	-0.40		508	-126	16410	21	20	-1

quat	0.92	-0.01	-0.00	-0.40		388	-160	16528	30	-4	10

quat	0.92	-0.01	-0.00	-0.40		114	-194	16478	-8	-4	37

quat	0.92	-0.01	-0.00	-0.40		94	-258	16582	-13	15	0

quat	0.92	-0.01	-0.00	-0.40		-20	-238	16646	15	35	-9

quat	0.92	-0.01	-0.00	-0.40		142	-316	16560	-5	25	-14

quat	0.92	-0.01	-0.00	-0.40		280	-180	16390	6	16	-16

quat	0.92	-0.01	-0.00	-0.40		300	-156	16304	-7	17	1

quat	0.92	-0.01	-0.00	-0.40		122	-254	16478	8	9	1

quat	0.92	-0.01	-0.00	-0.40		54	-298	16524	6	-16	-13

quat	0.92	-0.01	-0.00	-0.40		164	-260	16468	24	-15	-33

quat	0.92	-0.01	-0.00	-0.40		298	-164	16434	16	-17	-28

quat	0.92	-0.01	-0.00	-0.40		146	-296	16606	10	-21	-23

quat	0.92	-0.01	-0.00	-0.40		302	-160	16212	-15	-4	-26

quat	0.92	-0.01	-0.00	-0.40		362	-120	16266	7	18	-25

quat	0.92	-0.01	-0.00	-0.40		428	-112	16388	17	32	-25

quat	0.92	-0.01	-0.00	-0.40		256	-130	16358	3	27	-3

quat	0.92	-0.01	-0.00	-0.40		110	-130	16482	17	5	-1

quat	0.92	-0.01	-0.00	-0.40		90	-154	16398	20	-17	-12

quat	0.92	-0.01	-0.00	-0.40		94	-142	16526	27	-27	-19

quat	0.92	-0.01	-0.00	-0.40		170	-70	16374	23	-15	-27

quat	0.92	-0.01	-0.00	-0.40		262	-44	16568	36	6	-41

quat	0.92	-0.01	-0.00	-0.40		408	-6	16558	14	9	-18

quat	0.92	-0.01	-0.00	-0.40		368	-6	16446	6	-5	-7

quat	0.92	-0.01	-0.00	-0.40		344	-68	16336	9	-3	9

quat	0.92	-0.01	-0.00	-0.40		236	-100	16382	7	-3	11

quat	0.92	-0.01	-0.00	-0.40		196	-118	16490	-6	2	18

quat	0.92	-0.01	-0.00	-0.40		162	-72	16570	-5	-6	11

quat	0.92	-0.01	-0.00	-0.40		180	-94	16504	16	-4	2

quat	0.92	-0.01	-0.00	-0.40		186	-70	16540	11	-6	4

quat	0.92	-0.01	-0.00	-0.40		202	0	16524	6	-15	3

quat	0.92	-0.01	-0.00	-0.40		358	26	16348	8	-14	-5

quat	0.92	-0.01	-0.00	-0.40		388	-56	16474	-1	7	14

quat	0.92	-0.01	-0.00	-0.40		318	-166	16462	-1	3	13

quat	0.92	-0.01	-0.00	-0.40		318	-192	16578	3	-13	10

quat	0.92	-0.01	-0.00	-0.40		242	-154	16422	-17	-26	17

quat	0.92	-0.01	-0.00	-0.40		98	-124	16410	6	-2	6

quat	0.92	-0.01	-0.00	-0.40		132	-146	16536	7	4	-17

quat	0.92	-0.01	-0.00	-0.40		334	-42	16372	9	16	-29

quat	0.92	-0.01	-0.00	-0.40		486	-10	16368	8	21	-5

quat	0.92	-0.01	-0.00	-0.40		482	-40	16466	6	9	24

quat	0.92	-0.01	-0.00	-0.40		114	-172	16514	-2	3	38

quat	0.92	-0.01	-0.00	-0.40		58	-164	16492	1	8	10

quat	0.92	-0.01	-0.00	-0.40		244	-52	16536	10	6	-12

quat	0.92	-0.01	-0.00	-0.40		250	-60	16552	0	-6	1

quat	0.92	-0.01	-0.00	-0.40		222	-34	16464	16	-22	-12

quat	0.92	-0.01	-0.00	-0.40		446	54	16434	7	-19	-7

quat	0.92	-0.01	-0.00	-0.40		396	96	16478	8	-3	14

quat	0.92	-0.01	-0.00	-0.40		260	-6	16578	-4	2	24

quat	0.92	-0.01	-0.00	-0.40		188	-86	16416	-19	7	18

quat	0.92	-0.01	-0.00	-0.40		250	-26	16296	-10	21	15

quat	0.92	-0.01	-0.00	-0.40		308	-68	16456	7	17	13

quat	0.92	-0.01	-0.00	-0.40		180	-118	16462	-2	-9	28

quat	0.92	-0.01	-0.00	-0.40		244	-96	16434	1	-24	10

quat	0.92	-0.01	-0.00	-0.40		254	-144	16464	6	-21	2

quat	0.92	-0.01	-0.00	-0.40		354	-96	16450	7	-3	-9

quat	0.92	-0.01	-0.00	-0.40		212	-58	16548	2	0	6

quat	0.92	-0.01	-0.00	-0.40		332	-6	16390	3	-5	7

quat	0.92	-0.01	-0.00	-0.40		284	-74	16564	-3	-3	17

quat	0.92	-0.01	-0.00	-0.40		214	-138	16488	-4	8	14

quat	0.92	-0.01	-0.00	-0.40		304	-120	16436	-5	13	0

quat	0.92	-0.01	-0.00	-0.40		330	-116	16454	0	10	-14

quat	0.92	-0.01	-0.00	-0.40		302	-72	16346	-24	14	0

quat	0.92	-0.01	-0.00	-0.40		362	-72	16362	-9	8	3

quat	0.92	-0.01	-0.00	-0.40		306	-142	16424	-13	6	11

quat	0.92	-0.01	-0.00	-0.40		264	-70	16496	-9	-6	9

quat	0.92	-0.01	-0.00	-0.40		132	-92	16380	-17	-9	8

quat	0.92	-0.01	-0.00	-0.40		152	-78	16406	1	3	-8

quat	0.92	-0.01	-0.00	-0.40		334	-112	16534	15	15	-13

quat	0.92	-0.01	-0.00	-0.40		250	-138	16604	12	-4	-8

quat	0.92	-0.01	-0.00	-0.40		324	-58	16486	-4	-8	-5

quat	0.92	-0.01	-0.00	-0.40		448	20	16444	-10	-2	5

quat	0.92	-0.01	-0.00	-0.40		326	-120	16522	-10	0	11

quat	0.92	-0.01	-0.00	-0.40		132	-88	16478	-15	4	7

quat	0.92	-0.01	-0.00	-0.40		314	-68	16474	-8	17	-3

quat	0.92	-0.01	-0.00	-0.40		296	-78	16458	-13	15	-3

quat	0.92	-0.01	-0.00	-0.40		356	-38	16430	-16	10	-2

quat	0.92	-0.01	-0.00	-0.40		312	-26	16378	-2	16	12

quat	0.92	-0.01	-0.00	-0.40		176	-138	16622	6	6	12

quat	0.92	-0.01	-0.00	-0.40		278	-76	16448	-6	-6	2

quat	0.92	-0.01	-0.00	-0.40		162	-164	16432	-9	18	5

quat	0.92	-0.01	-0.00	-0.40		324	-166	16394	1	21	-8

quat	0.92	-0.01	-0.00	-0.40		386	-186	16582	7	0	-1

quat	0.92	-0.01	-0.00	-0.40		260	-190	16524	-8	-18	6

quat	0.92	-0.01	-0.00	-0.40		308	-82	16400	0	-19	-4

quat	0.92	-0.01	-0.00	-0.40		284	-44	16298	-12	10	5

quat	0.92	-0.01	-0.00	-0.40		342	-96	16438	-13	22	4

quat	0.92	-0.01	-0.00	-0.40		208	-172	16488	-15	12	16

quat	0.92	-0.01	-0.00	-0.40		66	-230	16456	-12	-4	-2

quat	0.92	-0.01	-0.00	-0.40		370	-152	16398	4	7	-19

quat	0.92	-0.01	-0.00	-0.40		258	-138	16474	-1	7	-6

quat	0.92	-0.01	-0.00	-0.40		160	-156	16454	-17	9	3

quat	0.92	-0.01	-0.00	-0.40		246	-58	16494	10	-18	-23

quat	0.92	-0.01	-0.00	-0.40		386	-28	16598	9	-36	-15

quat	0.92	-0.01	-0.00	-0.40		260	8	16524	3	-45	-5

quat	0.92	-0.01	-0.00	-0.40		268	14	16382	6	-11	-10

quat	0.92	-0.01	-0.00	-0.40		334	-18	16348	1	13	-15

quat	0.92	-0.01	-0.00	-0.40		340	-36	16432	-9	19	-4

quat	0.92	-0.01	-0.00	-0.40		264	-100	16412	-16	0	3

quat	0.92	-0.01	-0.00	-0.40		216	-98	16510	-2	-12	-3

quat	0.92	-0.01	-0.00	-0.40		328	-122	16470	8	-15	-16

quat	0.92	-0.01	-0.00	-0.40		374	10	16466	2	-7	-12

quat	0.92	-0.01	-0.00	-0.40		326	-38	16386	-12	18	0

quat	0.92	-0.01	-0.00	-0.40		314	-54	16364	-4	24	-5

quat	0.92	-0.01	-0.00	-0.40		352	-128	16252	4	22	-6

quat	0.92	-0.01	-0.00	-0.40		280	-140	16414	14	1	3

quat	0.92	-0.01	-0.00	-0.40		184	-184	16536	12	-11	3

quat	0.92	-0.01	-0.00	-0.40		234	-104	16592	7	-9	-4

quat	0.92	-0.01	-0.00	-0.40		218	-102	16554	4	-2	-5

quat	0.92	-0.01	-0.00	-0.40		232	-82	16418	4	1	-6

quat	0.92	-0.01	-0.00	-0.40		318	30	16342	-5	2	2

quat	0.92	-0.01	-0.00	-0.40		372	-20	16350	10	4	1

quat	0.92	-0.01	-0.01	-0.40		448	-12	16370	20	0	7

quat	0.92	-0.01	-0.01	-0.40		234	-184	16510	13	-5	18

quat	0.92	-0.01	-0.01	-0.40		246	-136	16456	25	-25	-8

quat	0.92	-0.01	-0.01	-0.40		284	6	16480	22	-10	-4

quat	0.92	-0.01	-0.01	-0.40		332	24	16602	21	-13	3

quat	0.92	-0.01	-0.01	-0.40		214	-66	16450	-1	-5	13

quat	0.92	-0.01	-0.01	-0.40		348	-52	16408	10	-7	7

quat	0.92	-0.01	-0.01	-0.40		376	-36	16414	14	-11	17

quat	0.92	-0.01	-0.01	-0.40		378	-22	16460	21	-36	17

quat	0.92	-0.01	-0.01	-0.40		346	-54	16392	20	-31	18

quat	0.92	-0.01	-0.01	-0.40		218	-40	16396	15	-6	12

quat	0.92	-0.01	-0.01	-0.40		342	-84	16524	21	6	-1

quat	0.92	-0.01	-0.01	-0.40		430	-48	16430	16	-8	-4

quat	0.92	-0.01	-0.01	-0.40		390	-54	16316	30	-20	10

quat	0.92	-0.00	-0.01	-0.40		282	40	16428	36	-24	17

quat	0.92	-0.00	-0.01	-0.40		220	98	16540	44	-19	8

quat	0.92	-0.00	-0.01	-0.40		350	148	16590	15	2	10

quat	0.92	-0.00	-0.01	-0.40		508	134	16476	1	36	21

quat	0.92	-0.00	-0.01	-0.40		666	84	16584	-4	70	35

quat	0.92	-0.00	-0.01	-0.40		486	-34	16474	-23	63	44

quat	0.92	-0.00	-0.01	-0.40		454	-140	16374	-32	58	45

quat	0.92	-0.00	-0.01	-0.40		306	-140	16336	-29	53	49

quat	0.92	-0.00	-0.01	-0.40		174	-130	16290	-23	57	40

quat	0.92	-0.00	-0.01	-0.40		110	-120	16616	-60	68	17

quat	0.92	-0.00	-0.00	-0.40		176	-92	16608	-108	73	-2

quat	0.92	-0.01	-0.00	-0.40		372	-40	16706	-135	97	26

quat	0.92	-0.01	-0.00	-0.40		224	-48	16530	-151	105	42

quat	0.92	-0.01	-0.00	-0.40		36	-62	16310	-130	100	30

quat	0.92	-0.01	0.00	-0.40		40	-196	16356	-55	130	0

quat	0.92	-0.01	0.00	-0.40		-74	-422	16482	-47	120	17

quat	0.92	-0.01	0.00	-0.40		-206	-374	16328	-47	153	9

quat	0.92	-0.01	0.00	-0.40		-724	-496	16198	-90	191	-14

quat	0.92	-0.01	0.01	-0.40		-38	-388	16200	-100	232	-83

quat	0.92	-0.01	0.01	-0.40		254	-384	16572	-75	283	-76

quat	0.92	-0.01	0.01	-0.40		202	-208	16346	-69	293	-97

quat	0.92	-0.01	0.01	-0.40		-48	-324	16456	-115	299	-76

quat	0.92	-0.01	0.02	-0.40		-160	-360	16510	-148	308	-54

quat	0.92	-0.01	0.02	-0.40		-222	-364	16472	-182	302	-38

quat	0.92	-0.01	0.02	-0.40		-360	-576	16456	-169	305	-40

quat	0.92	-0.01	0.02	-0.40		-544	-504	16422	-70	315	-23

quat	0.92	-0.01	0.03	-0.40		-726	-418	16262	-25	342	-43

quat	0.92	-0.00	0.03	-0.40		-870	-382	16200	-15	365	-58

quat	0.92	-0.00	0.03	-0.40		-1056	-326	16308	16	402	-87

quat	0.91	-0.00	0.03	-0.40		-1170	-310	16392	23	471	-113

quat	0.91	0.00	0.04	-0.40		-1106	-260	16326	58	534	-124

quat	0.91	0.00	0.04	-0.40		-1142	-280	16366	102	595	-114

quat	0.91	0.01	0.05	-0.40		-1234	-270	16578	119	649	-78

quat	0.91	0.01	0.05	-0.41		-1232	-140	16236	159	574	-51

quat	0.91	0.01	0.05	-0.41		-1764	-214	16486	115	565	-41

quat	0.91	0.01	0.06	-0.41		-2120	-328	16244	78	532	-45

quat	0.91	0.02	0.06	-0.41		-2328	-364	16292	41	540	-51

quat	0.91	0.02	0.07	-0.41		-2316	-352	16510	37	547	-75

quat	0.91	0.02	0.07	-0.41		-2342	-214	16452	50	571	-85

quat	0.91	0.02	0.07	-0.41		-2416	-192	16390	46	550	-67

quat	0.91	0.02	0.08	-0.41		-2506	-294	16448	40	541	-55

quat	0.91	0.03	0.08	-0.41		-2734	-180	16282	74	511	-70

quat	0.91	0.03	0.08	-0.41		-2946	-124	16232	91	517	-73

quat	0.91	0.03	0.09	-0.41		-3182	-336	16360	28	488	-74

quat	0.91	0.03	0.09	-0.41		-3150	-284	16488	27	464	-39

quat	0.91	0.03	0.09	-0.41		-3056	-100	16510	15	387	-20

quat	0.91	0.04	0.10	-0.41		-3478	-172	16378	-24	349	-12

quat	0.91	0.04	0.10	-0.41		-3496	-118	16294	-77	330	-22

quat	0.91	0.04	0.10	-0.41		-3320	-154	16190	-84	324	-11

quat	0.91	0.04	0.10	-0.41		-3352	-194	16318	-91	275	-18

quat	0.91	0.04	0.11	-0.41		-3646	-406	16414	-131	236	-12

quat	0.91	0.04	0.11	-0.41		-3738	-338	16206	-102	141	7

quat	0.91	0.04	0.11	-0.41		-3744	-416	16106	-113	51	19

quat	0.91	0.04	0.11	-0.41		-3772	-432	16090	-126	26	22

quat	0.91	0.03	0.11	-0.41		-3598	-548	16336	-112	11	39

quat	0.91	0.03	0.11	-0.41		-3548	-404	16342	-71	-55	7

quat	0.91	0.03	0.11	-0.41		-3616	-494	16304	-66	-140	-14

quat	0.91	0.03	0.11	-0.41		-3542	-456	16166	-82	-224	-3

quat	0.91	0.03	0.11	-0.41		-3756	-532	16140	-130	-268	9

quat	0.91	0.03	0.10	-0.41		-3628	-500	16054	-146	-286	19

quat	0.91	0.03	0.10	-0.41		-3458	-668	16158	-145	-318	18

quat	0.91	0.02	0.10	-0.41		-3460	-708	16142	-133	-426	32

quat	0.91	0.02	0.10	-0.41		-3182	-664	15944	-137	-510	37

quat	0.91	0.02	0.09	-0.41		-3026	-698	16184	-127	-497	30

quat	0.91	0.02	0.09	-0.41		-2808	-676	16192	-107	-462	26

quat	0.91	0.01	0.09	-0.41		-2712	-678	16236	-75	-435	21

quat	0.91	0.01	0.09	-0.41		-2636	-648	16266	-34	-443	28

quat	0.91	0.01	0.08	-0.41		-2438	-670	16182	-34	-561	55

quat	0.91	0.01	0.08	-0.41		-2262	-634	16300	-94	-582	92

quat	0.91	0.01	0.07	-0.41		-2072	-916	16588	-126	-596	80

quat	0.91	0.00	0.07	-0.40		-2102	-1044	16630	-118	-662	65

quat	0.91	-0.00	0.06	-0.40		-1808	-1020	16604	-91	-725	80

quat	0.91	-0.00	0.06	-0.40		-1770	-984	16580	-86	-847	76

quat	0.91	-0.01	0.05	-0.40		-1488	-900	16392	-106	-915	56

quat	0.91	-0.01	0.05	-0.40		-1100	-1146	16738	-72	-879	33

quat	0.91	-0.01	0.04	-0.40		-804	-1096	16764	55	-891	37

quat	0.91	-0.02	0.03	-0.40		-642	-678	16392	69	-881	55

quat	0.92	-0.02	0.03	-0.40		-388	-436	16296	-28	-869	55

quat	0.92	-0.02	0.02	-0.40		-160	-866	16376	-141	-904	49

quat	0.92	-0.03	0.01	-0.40		-256	-882	16104	-110	-892	10

quat	0.92	-0.03	0.01	-0.40		-158	-958	15922	-131	-850	-2

quat	0.92	-0.03	0.00	-0.40		78	-1270	16312	-88	-717	-18

quat	0.92	-0.03	-0.00	-0.40		612	-1180	16366	15	-622	-20

quat	0.92	-0.04	-0.01	-0.40		852	-886	16228	97	-577	-20

quat	0.92	-0.04	-0.01	-0.40		1216	-828	16354	84	-497	-21

quat	0.92	-0.04	-0.01	-0.40		1214	-840	16446	57	-437	-26

quat	0.92	-0.04	-0.02	-0.40		1242	-826	16280	26	-374	-24

quat	0.92	-0.04	-0.02	-0.40		1394	-968	16442	-12	-324	-40

quat	0.92	-0.04	-0.02	-0.40		1294	-1274	16622	18	-371	-54

quat	0.91	-0.04	-0.03	-0.40		1272	-936	16114	18	-411	-16

quat	0.91	-0.04	-0.03	-0.40		1412	-778	16028	-85	-369	18

quat	0.91	-0.05	-0.03	-0.40		1452	-914	16146	-127	-340	4

quat	0.91	-0.05	-0.03	-0.40		1418	-880	15980	-90	-213	-16

quat	0.91	-0.05	-0.03	-0.40		1810	-984	16146	-50	-52	-38

quat	0.91	-0.05	-0.03	-0.40		1740	-1010	16190	14	69	-22

quat	0.91	-0.05	-0.03	-0.40		1636	-900	16166	50	174	2

quat	0.91	-0.05	-0.03	-0.40		1664	-856	16260	59	255	-14

quat	0.91	-0.05	-0.03	-0.40		1486	-772	16082	46	329	-35

quat	0.91	-0.04	-0.03	-0.40		1264	-846	16234	48	465	-50

quat	0.91	-0.04	-0.02	-0.40		1280	-894	16574	17	580	-45

quat	0.91	-0.04	-0.02	-0.40		1250	-948	16358	13	702	-22

quat	0.91	-0.04	-0.01	-0.40		952	-856	16190	0	775	2

quat	0.91	-0.03	-0.01	-0.40		642	-854	16444	-15	842	-13

quat	0.91	-0.03	0.00	-0.40		536	-954	16574	18	849	-27

quat	0.91	-0.03	0.01	-0.40		346	-950	16416	56	819	-28

quat	0.91	-0.03	0.01	-0.40		-58	-894	16296	59	779	-45

quat	0.91	-0.02	0.02	-0.40		-282	-998	16400	49	803	-34

quat	0.91	-0.02	0.02	-0.41		-542	-906	16356	57	826	-36

quat	0.91	-0.02	0.03	-0.41		-728	-834	16362	71	891	-48

quat	0.91	-0.01	0.04	-0.41		-878	-808	16456	107	889	-71

quat	0.91	-0.01	0.04	-0.41		-1174	-642	16362	85	924	-81

quat	0.91	-0.01	0.05	-0.41		-1338	-830	16558	89	924	-103

quat	0.91	-0.00	0.06	-0.41		-1738	-848	16544	111	875	-99

quat	0.91	0.00	0.06	-0.41		-1962	-850	16386	138	847	-71

quat	0.91	0.01	0.07	-0.41		-2038	-664	16232	91	797	-87

quat	0.91	0.01	0.07	-0.41		-2110	-776	16492	67	773	-100

quat	0.91	0.01	0.08	-0.41		-2428	-486	16206	35	728	-85

quat	0.91	0.01	0.08	-0.41		-2430	-614	16322	-24	680	-78

quat	0.91	0.02	0.09	-0.41		-2700	-578	16366	-38	611	-57

quat	0.91	0.02	0.09	-0.41		-2900	-588	16190	-54	594	-60

quat	0.91	0.02	0.10	-0.41		-3116	-880	16410	-85	579	-68

quat	0.91	0.02	0.10	-0.41		-3424	-712	16168	-29	535	-51

quat	0.90	0.02	0.10	-0.41		-3544	-650	16132	-1	539	-63

quat	0.90	0.02	0.11	-0.41		-3512	-682	16224	9	581	-124

quat	0.90	0.03	0.11	-0.41		-3500	-604	16134	17	603	-141

quat	0.90	0.03	0.12	-0.42		-3644	-606	16120	-23	567	-124

quat	0.90	0.03	0.12	-0.42		-3812	-902	16222	-36	473	-102

quat	0.90	0.03	0.12	-0.42		-3814	-958	16054	-19	382	-56

quat	0.90	0.03	0.13	-0.42		-4102	-888	16160	36	323	-56

quat	0.90	0.03	0.13	-0.42		-4280	-856	16006	54	248	-46

quat	0.90	0.03	0.13	-0.42		-4402	-552	15786	-31	240	-28

quat	0.90	0.03	0.13	-0.42		-4364	-942	16124	-65	261	-38

quat	0.90	0.03	0.13	-0.42		-4226	-860	16256	-13	183	-30

quat	0.90	0.03	0.13	-0.42		-4050	-854	16298	15	29	-40

quat	0.90	0.03	0.13	-0.42		-4380	-850	15982	-5	-171	-21

quat	0.90	0.03	0.13	-0.42		-4292	-960	15904	-69	-346	24

quat	0.90	0.03	0.13	-0.42		-4214	-1036	16166	-100	-530	55

quat	0.90	0.03	0.12	-0.42		-3960	-956	15990	-114	-710	72

quat	0.90	0.02	0.12	-0.42		-3548	-882	16000	-130	-822	114

quat	0.90	0.02	0.11	-0.42		-3372	-850	15890	-140	-832	156

quat	0.90	0.02	0.11	-0.41		-3304	-894	15904	-150	-810	157

quat	0.90	0.01	0.10	-0.41		-3306	-1090	16286	-152	-823	128

quat	0.91	0.01	0.10	-0.41		-2960	-1074	16314	-89	-822	95

quat	0.91	0.01	0.09	-0.41		-2830	-1046	16418	-21	-826	52

quat	0.91	0.00	0.08	-0.41		-2572	-998	16448	14	-816	34

quat	0.91	0.00	0.08	-0.41		-2162	-1100	16836	41	-818	30

quat	0.91	-0.00	0.07	-0.41		-1914	-988	16784	91	-867	39

quat	0.91	-0.00	0.06	-0.41		-1742	-890	16662	98	-942	49

quat	0.91	-0.01	0.06	-0.41		-1634	-660	16022	-16	-1003	69

quat	0.91	-0.01	0.05	-0.41		-1456	-808	15780	-191	-895	117

quat	0.91	-0.01	0.05	-0.41		-1354	-1144	16016	-194	-717	96

quat	0.91	-0.02	0.04	-0.41		-976	-1160	16124	-88	-608	26

quat	0.91	-0.02	0.04	-0.41		-742	-1150	16496	-6	-603	-32

quat	0.91	-0.02	0.03	-0.41		-402	-1090	16686	73	-732	-60

quat	0.91	-0.02	0.03	-0.41		-330	-1204	16704	134	-809	-54

quat	0.91	-0.03	0.02	-0.41		-224	-1082	16844	193	-855	-55

quat	0.91	-0.03	0.01	-0.41		264	-708	16424	227	-745	6

quat	0.91	-0.03	0.01	-0.41		258	-496	16364	125	-612	26

quat	0.91	-0.03	0.00	-0.41		446	-844	16726	26	-603	11

quat	0.91	-0.03	-0.00	-0.41		574	-982	16484	35	-637	-22

quat	0.91	-0.03	-0.01	-0.41		476	-938	16166	5	-731	-63

quat	0.91	-0.03	-0.01	-0.41		990	-948	16270	87	-736	-65

quat	0.91	-0.04	-0.02	-0.41		966	-764	16342	104	-697	-28

quat	0.91	-0.04	-0.02	-0.41		1076	-432	16018	81	-597	7

quat	0.91	-0.04	-0.03	-0.41		1328	-554	16000	-4	-397	23

quat	0.91	-0.04	-0.03	-0.41		1680	-708	16252	-1	-131	0

quat	0.91	-0.04	-0.03	-0.41		1636	-742	16348	22	-34	-20

quat	0.91	-0.04	-0.03	-0.41		1608	-752	16390	25	-25	4

quat	0.91	-0.04	-0.03	-0.41		1474	-798	16320	-14	-42	26

quat	0.91	-0.04	-0.03	-0.41		1420	-818	16292	-27	-60	35

quat	0.91	-0.04	-0.03	-0.41		1378	-788	16332	-27	-51	32

quat	0.91	-0.04	-0.03	-0.41		1440	-818	16330	-23	5	30

quat	0.91	-0.04	-0.03	-0.41		1614	-644	16256	-6	55	27

quat	0.91	-0.04	-0.03	-0.41		1542	-622	16246	-3	98	8

quat	0.91	-0.04	-0.03	-0.41		1562	-644	16228	-24	137	17

quat	0.91	-0.04	-0.03	-0.41		1448	-722	16288	-38	150	18

quat	0.91	-0.04	-0.03	-0.41		1420	-782	16306	-39	158	24

quat	0.91	-0.04	-0.03	-0.41		1268	-862	16326	-44	175	28

quat	0.91	-0.04	-0.02	-0.41		1206	-920	16456	-43	161	37

quat	0.91	-0.04	-0.02	-0.41		1210	-950	16472	-31	135	43

quat	0.91	-0.04	-0.02	-0.41		1260	-964	16570	-27	92	43

quat	0.91	-0.04	-0.02	-0.41		1206	-894	16410	-16	106	44

quat	0.91	-0.04	-0.02	-0.41		1168	-900	16366	-32	170	34

quat	0.91	-0.04	-0.02	-0.41		1200	-886	16350	-41	212	21

quat	0.91	-0.04	-0.02	-0.41		1222	-950	16364	-38	190	-2

quat	0.91	-0.04	-0.02	-0.41		1116	-974	16332	-5	105	-17

quat	0.91	-0.04	-0.02	-0.41		1026	-858	16192	-4	58	-4

quat	0.91	-0.04	-0.02	-0.41		986	-826	16430	-13	39	13

quat	0.91	-0.04	-0.01	-0.41		1026	-916	16500	-17	52	19

quat	0.91	-0.04	-0.01	-0.41		1128	-810	16472	2	67	15

quat	0.91	-0.04	-0.01	-0.41		1162	-770	16456	-22	59	19

quat	0.91	-0.04	-0.01	-0.41		972	-888	16406	-54	76	32

quat	0.91	-0.04	-0.01	-0.41		962	-818	16236	-76	84	47

quat	0.91	-0.04	-0.01	-0.41		1010	-1024	16502	-98	89	55

quat	0.91	-0.04	-0.01	-0.40		850	-982	16454	-77	67	44

quat	0.91	-0.04	-0.01	-0.40		690	-1024	16368	-103	51	36

quat	0.91	-0.04	-0.01	-0.40		748	-1012	16348	-111	72	22

quat	0.91	-0.04	-0.01	-0.40		712	-990	16344	-139	110	26

quat	0.91	-0.04	-0.01	-0.40		800	-1152	16476	-158	110	44

quat	0.91	-0.04	-0.01	-0.40		752	-1258	16436	-141	79	51

quat	0.91	-0.04	-0.00	-0.40		724	-1256	16510	-109	37	46

quat	0.91	-0.04	-0.00	-0.40		682	-1116	16314	-96	37	27

quat	0.91	-0.04	-0.00	-0.40		656	-1246	16348	-88	58	11

quat	0.91	-0.04	-0.00	-0.40		638	-1260	16292	-65	61	1

quat	0.91	-0.04	-0.00	-0.40		686	-1284	16290	-62	54	4

quat	0.91	-0.04	-0.00	-0.40		866	-1330	16378	-55	40	7

quat	0.91	-0.04	-0.00	-0.40		934	-1352	16396	-27	26	0

quat	0.91	-0.04	-0.00	-0.40		900	-1326	16298	13	41	-6

quat	0.91	-0.04	-0.00	-0.40		744	-1318	16312	34	38	6

quat	0.91	-0.04	-0.00	-0.40		780	-1246	16354	43	25	18

quat	0.91	-0.04	-0.00	-0.40		724	-1214	16328	47	12	23

quat	0.91	-0.04	-0.00	-0.40		652	-1228	16330	55	32	20

quat	0.91	-0.04	-0.00	-0.40		578	-1220	16460	69	48	9

quat	0.91	-0.04	-0.00	-0.40		598	-1136	16452	92	31	-12

quat	0.91	-0.04	-0.00	-0.40		596	-1158	16450	113	6	-20

quat	0.91	-0.04	-0.00	-0.40		664	-1126	16428	128	-5	-6

quat	0.91	-0.04	-0.00	-0.40		790	-1060	16430	139	23	2

quat	0.91	-0.04	-0.00	-0.40		782	-976	16372	164	96	-14

quat	0.91	-0.04	-0.00	-0.40		598	-1020	16430	181	82	-15

quat	0.91	-0.03	-0.00	-0.40		542	-860	16492	159	57	-17

quat	0.91	-0.03	-0.00	-0.40		420	-818	16384	136	40	-14

quat	0.91	-0.03	-0.00	-0.40		536	-850	16476	115	16	-25

quat	0.91	-0.03	-0.00	-0.40		600	-924	16440	104	6	-37

quat	0.91	-0.03	-0.00	-0.40		506	-980	16452	121	12	-42

quat	0.91	-0.03	-0.00	-0.40		494	-806	16292	150	27	-50

quat	0.91	-0.03	-0.00	-0.40		596	-794	16332	188	58	-60

quat	0.91	-0.03	-0.00	-0.41		486	-540	16084	204	63	-69

quat	0.91	-0.02	-0.00	-0.41		628	-602	16536	216	66	-60

quat	0.91	-0.02	-0.00	-0.41		494	-554	16386	225	35	-60

quat	0.91	-0.02	-0.01	-0.41		478	-592	16426	233	61	-52

quat	0.91	-0.02	-0.01	-0.41		358	-492	16552	271	98	-72

quat	0.91	-0.02	-0.01	-0.41		452	-302	16430	327	117	-109

quat	0.91	-0.01	-0.01	-0.41		564	-158	16452	355	136	-115

quat	0.91	-0.01	-0.01	-0.41		558	-54	16300	372	128	-99

quat	0.91	-0.01	-0.01	-0.41		502	-78	16444	424	128	-94

quat	0.91	-0.00	-0.01	-0.41		266	-14	16212	443	143	-118

quat	0.91	0.00	-0.01	-0.41		200	108	16332	485	143	-110

quat	0.91	0.01	-0.01	-0.41		278	360	16370	537	160	-131

quat	0.91	0.01	-0.01	-0.41		-36	404	16354	545	163	-148

quat	0.91	0.01	-0.01	-0.41		102	570	16500	597	162	-143

quat	0.91	0.02	-0.01	-0.42		6	966	16428	626	149	-120

quat	0.91	0.02	-0.01	-0.42		514	758	16588	655	139	-127

quat	0.91	0.03	-0.01	-0.42		118	1304	16246	748	122	-162

quat	0.91	0.04	-0.01	-0.42		166	1368	16500	805	170	-170

quat	0.91	0.04	-0.02	-0.42		-46	1604	16250	872	184	-167

quat	0.91	0.05	-0.02	-0.42		-212	1900	16256	910	206	-162

quat	0.90	0.06	-0.02	-0.42		-264	2250	16036	890	199	-186

quat	0.90	0.07	-0.02	-0.42		-406	2384	16034	846	185	-185

quat	0.90	0.07	-0.02	-0.42		-492	2340	16258	817	160	-131

quat	0.90	0.08	-0.02	-0.42		-2938	766	16644	1066	190	100

quat	0.90	0.09	-0.03	-0.42		184	3964	15736	1454	22	148

quat	0.90	0.10	-0.03	-0.42		-102	3554	15848	1116	-306	115

quat	0.90	0.10	-0.04	-0.42		-204	4460	15550	925	-122	-51

quat	0.90	0.11	-0.04	-0.42		24	4208	15886	632	-123	-107

quat	0.90	0.11	-0.04	-0.42		-184	4196	16052	410	7	-76

quat	0.90	0.11	-0.05	-0.42		-66	4150	16412	288	29	-53

quat	0.90	0.12	-0.05	-0.42		40	4176	16366	233	10	-53

quat	0.90	0.12	-0.05	-0.42		120	4330	16252	155	13	-50

quat	0.90	0.12	-0.05	-0.42		110	4346	16272	64	26	-36

quat	0.90	0.12	-0.05	-0.42		-12	4370	16040	-2	32	-13

quat	0.90	0.12	-0.05	-0.42		-238	4270	16030	-109	94	20

quat	0.90	0.12	-0.04	-0.42		-480	4154	16126	-159	102	28

quat	0.90	0.12	-0.04	-0.42		-524	4168	15946	-187	81	11

quat	0.90	0.12	-0.04	-0.42		-388	4044	16004	-233	55	-8

quat	0.90	0.11	-0.04	-0.42		-390	4062	15824	-316	55	19

quat	0.90	0.11	-0.04	-0.42		-238	3744	16204	-414	64	52

quat	0.90	0.11	-0.04	-0.42		-236	3890	16156	-413	33	43

quat	0.90	0.11	-0.04	-0.42		-298	3792	16022	-468	30	64

quat	0.90	0.10	-0.03	-0.42		-420	3714	15816	-523	58	65

quat	0.90	0.10	-0.03	-0.42		-386	3400	16244	-545	76	52

quat	0.90	0.09	-0.03	-0.42		-374	3380	16232	-541	62	36

quat	0.90	0.09	-0.03	-0.42		-280	3236	16396	-550	44	37

quat	0.90	0.09	-0.03	-0.42		-378	2998	16346	-596	47	68

quat	0.90	0.08	-0.02	-0.42		-366	2876	16392	-640	55	94

quat	0.90	0.08	-0.02	-0.42		-404	2758	16356	-656	46	92

quat	0.91	0.07	-0.02	-0.42		-502	2730	16282	-698	46	56

quat	0.91	0.07	-0.02	-0.42		-540	2454	16260	-745	41	37

quat	0.91	0.06	-0.01	-0.42		-554	2192	16132	-822	41	35

quat	0.91	0.06	-0.01	-0.42		-524	1904	16426	-894	24	43

quat	0.91	0.05	-0.01	-0.42		-308	1702	16530	-896	-24	36

quat	0.91	0.04	-0.00	-0.42		-262	1796	16338	-952	-96	23

quat	0.91	0.04	-0.00	-0.42		-90	1158	16518	-1052	-173	6

quat	0.91	0.03	0.00	-0.42		-128	1072	15952	-1011	-214	21

quat	0.91	0.02	0.00	-0.42		-300	414	16712	-1067	-277	1

quat	0.91	0.01	0.00	-0.42		-384	58	16512	-1085	-317	-39

quat	0.91	0.00	0.00	-0.42		-276	-128	16330	-1080	-282	-11

quat	0.91	-0.01	0.01	-0.42		-88	-424	16512	-1079	-254	25

quat	0.91	-0.02	0.01	-0.42		-50	-578	16408	-1067	-235	-16

quat	0.91	-0.03	0.01	-0.42		-98	-644	16200	-1096	-203	-23

quat	0.91	-0.03	0.01	-0.42		282	-1210	16408	-1129	-148	-71

quat	0.91	-0.04	0.02	-0.42		352	-1742	16598	-1036	-102	-87

quat	0.91	-0.05	0.02	-0.42		310	-1964	16476	-851	-72	-84

quat	0.91	-0.05	0.02	-0.42		356	-1896	16336	-709	-36	-72

quat	0.91	-0.06	0.02	-0.42		324	-1972	16256	-674	-33	-77

quat	0.90	-0.06	0.02	-0.42		310	-2142	16066	-687	-37	-78

quat	0.90	-0.07	0.03	-0.42		280	-2474	16026	-688	-25	-48

quat	0.90	-0.08	0.03	-0.42		16	-2632	15970	-686	-14	-14

quat	0.90	-0.08	0.03	-0.42		368	-2828	16194	-640	-9	-37

quat	0.90	-0.08	0.03	-0.42		388	-2978	16084	-563	-8	-59

quat	0.90	-0.09	0.03	-0.42		338	-3104	16074	-522	3	-52

quat	0.90	-0.09	0.04	-0.42		346	-3288	16032	-452	24	-31

quat	0.90	-0.09	0.04	-0.42		300	-3432	16068	-351	8	-29

quat	0.90	-0.10	0.04	-0.42		224	-3482	16100	-269	-22	-39

quat	0.90	-0.10	0.04	-0.42		128	-3506	16016	-233	-12	-41

quat	0.90	-0.10	0.04	-0.42		284	-3548	16002	-212	33	-40

quat	0.90	-0.10	0.04	-0.42		400	-3616	15998	-124	94	-31

quat	0.90	-0.10	0.04	-0.42		310	-3584	15986	-41	111	-44

quat	0.90	-0.10	0.04	-0.42		284	-3534	15918	12	93	-64

quat	0.90	-0.10	0.04	-0.42		390	-3468	15870	67	51	-70

quat	0.90	-0.10	0.04	-0.42		262	-3504	15888	121	-19	-67

quat	0.90	-0.10	0.04	-0.42		322	-3410	15972	167	-82	-55

quat	0.90	-0.10	0.04	-0.42		46	-3346	16004	162	-105	-51

quat	0.90	-0.10	0.04	-0.42		242	-3482	16158	125	-88	-37

quat	0.90	-0.10	0.04	-0.43		270	-3382	16182	115	-66	-18

quat	0.90	-0.10	0.04	-0.43		238	-3374	16260	126	-48	-12

quat	0.90	-0.09	0.04	-0.43		140	-3274	16098	173	-47	-17

quat	0.90	-0.09	0.03	-0.43		202	-3286	16046	204	-47	-15

quat	0.90	-0.09	0.03	-0.43		308	-3184	16048	241	-46	-30

quat	0.90	-0.09	0.03	-0.43		316	-3144	15976	288	-30	-24

quat	0.90	-0.09	0.03	-0.43		480	-3066	16018	308	-18	-29

quat	0.90	-0.09	0.03	-0.43		580	-3020	16068	328	-27	-52

quat	0.90	-0.08	0.03	-0.43		446	-2900	15946	365	-33	-52

quat	0.90	-0.08	0.03	-0.43		472	-2768	15982	410	-29	-40

quat	0.90	-0.08	0.02	-0.43		536	-2634	16070	453	-32	-44

quat	0.90	-0.07	0.02	-0.43		506	-2564	16242	498	-33	-41

quat	0.90	-0.07	0.02	-0.43		614	-2556	16314	572	-35	-46

quat	0.90	-0.07	0.02	-0.43		396	-2172	16340	627	-44	-50

quat	0.90	-0.06	0.02	-0.43		670	-1914	16138	675	-35	-76

quat	0.90	-0.06	0.01	-0.43		410	-1806	16316	720	-49	-75

quat	0.90	-0.05	0.01	-0.43		532	-1528	16090	827	-90	-104

quat	0.90	-0.05	0.01	-0.43		466	-1260	16226	897	-99	-135

quat	0.90	-0.04	0.00	-0.43		358	-1206	16310	956	-72	-148

quat	0.90	-0.03	-0.00	-0.43		360	-846	16228	995	-73	-135

quat	0.90	-0.03	-0.01	-0.43		504	-550	16264	937	-75	-165

quat	0.90	-0.02	-0.01	-0.44		462	-282	16340	861	-59	-187

quat	0.90	-0.01	-0.01	-0.44		488	-170	16466	861	-71	-170

quat	0.90	-0.01	-0.02	-0.44		434	194	16184	887	-84	-129

quat	0.90	-0.00	-0.02	-0.44		576	388	16238	911	-37	-93

quat	0.90	0.01	-0.02	-0.44		790	730	16274	958	-2	-90

quat	0.90	0.01	-0.03	-0.44		834	898	16442	1017	15	-106

quat	0.90	0.02	-0.03	-0.44		804	1264	16648	1063	24	-156

quat	0.90	0.03	-0.03	-0.44		850	1550	16488	1044	45	-180

quat	0.90	0.04	-0.04	-0.44		664	1900	16378	995	114	-194

quat	0.89	0.04	-0.04	-0.44		718	2190	16140	884	132	-178

quat	0.89	0.05	-0.04	-0.44		612	2202	16316	759	84	-150

quat	0.89	0.05	-0.04	-0.44		564	2210	16406	770	19	-102

quat	0.89	0.06	-0.05	-0.44		526	2470	16412	842	19	-48

quat	0.89	0.07	-0.05	-0.44		598	2840	16328	904	51	-40

quat	0.89	0.07	-0.05	-0.44		586	3126	16442	865	95	-67

quat	0.89	0.08	-0.05	-0.45		576	3370	16320	773	91	-106

quat	0.89	0.09	-0.06	-0.45		612	3530	16292	635	69	-104

quat	0.89	0.09	-0.06	-0.45		568	3696	16208	493	6	-80

quat	0.89	0.09	-0.06	-0.45		420	3850	16038	345	-21	-16

quat	0.89	0.09	-0.06	-0.45		482	3866	16022	238	-30	25

quat	0.89	0.10	-0.06	-0.45		498	3844	16186	182	9	23

quat	0.89	0.10	-0.06	-0.45		518	3866	16288	132	41	-8

quat	0.89	0.10	-0.06	-0.45		548	3930	16284	52	70	-31

quat	0.89	0.10	-0.06	-0.45		584	3974	16342	-61	93	-35

quat	0.89	0.10	-0.06	-0.45		606	3910	16460	-187	88	-13

quat	0.89	0.10	-0.06	-0.45		412	3834	16368	-304	81	32

quat	0.89	0.09	-0.06	-0.45		414	3808	16234	-414	66	73

quat	0.89	0.09	-0.06	-0.44		376	3610	16150	-528	55	105

quat	0.89	0.09	-0.05	-0.44		514	3264	16304	-617	59	139

quat	0.89	0.08	-0.05	-0.44		320	3314	16042	-639	56	131

quat	0.89	0.08	-0.05	-0.44		302	3128	16258	-703	72	121

quat	0.89	0.07	-0.04	-0.44		256	2760	16442	-758	59	114

quat	0.89	0.07	-0.04	-0.44		200	2568	16434	-769	54	107

quat	0.89	0.06	-0.04	-0.44		322	2446	16422	-773	22	100

quat	0.90	0.06	-0.04	-0.44		368	2388	16392	-788	14	101

quat	0.90	0.05	-0.03	-0.44		444	2098	16404	-826	-27	132

quat	0.90	0.04	-0.03	-0.44		446	1982	16374	-897	-70	173

quat	0.90	0.04	-0.03	-0.44		408	1670	16352	-1023	-161	204

quat	0.90	0.03	-0.03	-0.44		352	1082	16612	-1134	-251	197

quat	0.90	0.02	-0.02	-0.44		456	722	16406	-1145	-333	207

quat	0.90	0.01	-0.02	-0.43		256	252	16294	-1206	-337	227

quat	0.90	-0.00	-0.02	-0.43		346	-92	16404	-1184	-325	247

quat	0.90	-0.01	-0.02	-0.43		804	-34	16438	-1098	-301	214

quat	0.90	-0.02	-0.02	-0.43		1108	-24	16236	-974	-263	175

quat	0.90	-0.03	-0.02	-0.43		1300	-160	15892	-839	-197	134

quat	0.90	-0.03	-0.02	-0.43		1152	-330	16038	-670	-137	66

quat	0.90	-0.04	-0.01	-0.43		956	-760	16118	-480	-56	-1

quat	0.90	-0.04	-0.01	-0.43		672	-1074	16060	-288	36	-9

quat	0.90	-0.04	-0.01	-0.43		896	-1000	16074	-108	115	10

quat	0.90	-0.04	-0.01	-0.43		920	-908	16200	-3	126	-9

quat	0.90	-0.04	-0.01	-0.43		890	-968	16336	30	90	-20

quat	0.90	-0.04	-0.01	-0.43		868	-1022	16398	38	53	-7

quat	0.90	-0.04	-0.01	-0.43		926	-1076	16434	21	26	18

quat	0.90	-0.04	-0.01	-0.43		1054	-1026	16434	16	18	44

quat	0.90	-0.04	-0.01	-0.43		984	-1052	16434	5	9	71

quat	0.90	-0.04	-0.01	-0.43		960	-1100	16380	-10	6	75

quat	0.90	-0.04	-0.01	-0.43		906	-1102	16302	-5	13	67

quat	0.90	-0.04	-0.01	-0.43		888	-1110	16370	25	34	56

quat	0.90	-0.04	-0.01	-0.43		900	-1090	16452	53	44	52

quat	0.90	-0.04	-0.01	-0.43		924	-1094	16566	54	34	80

quat	0.90	-0.04	-0.01	-0.42		936	-1158	16836	40	15	125

quat	0.90	-0.04	-0.01	-0.42		1108	-1022	16556	15	5	175

quat	0.91	-0.04	-0.01	-0.42		1402	-908	16366	14	10	275

quat	0.91	-0.04	-0.01	-0.42		1248	-800	16256	-115	-32	315

quat	0.91	-0.04	-0.01	-0.42		1198	-906	16174	-233	5	355

quat	0.91	-0.04	-0.01	-0.41		956	-1048	16248	-286	52	362

quat	0.91	-0.04	-0.01	-0.41		832	-1182	16332	-250	140	365

quat	0.91	-0.04	-0.00	-0.41		922	-1352	16260	-157	265	354

quat	0.91	-0.04	-0.00	-0.41		744	-1516	16006	-100	334	414

quat	0.91	-0.04	0.00	-0.40		250	-1406	16010	-71	425	525

quat	0.92	-0.04	0.01	-0.40		58	-1442	16366	-61	334	598

quat	0.92	-0.04	0.01	-0.39		152	-1324	16322	-41	260	652

quat	0.92	-0.04	0.01	-0.39		344	-1048	16342	-51	232	664

quat	0.92	-0.04	0.01	-0.39		742	-1118	16396	-36	214	542

quat	0.92	-0.04	0.01	-0.38		722	-1084	16302	22	228	401

quat	0.92	-0.04	0.02	-0.38		278	-1278	16618	89	266	371

quat	0.93	-0.04	0.02	-0.38		-150	-1276	16814	193	214	417

quat	0.93	-0.03	0.02	-0.37		-938	-1396	16476	241	184	554

quat	0.93	-0.03	0.02	-0.37		-1440	-1434	15972	188	206	759

quat	0.93	-0.03	0.02	-0.36		-1408	-1380	15838	106	279	882

quat	0.93	-0.03	0.02	-0.36		-596	-1024	16134	19	260	850

quat	0.94	-0.03	0.03	-0.35		-322	-1102	16302	-59	180	777

quat	0.94	-0.03	0.03	-0.34		-126	-1062	16674	-82	106	759

quat	0.94	-0.03	0.03	-0.34		-146	-994	16840	-26	39	758

quat	0.94	-0.03	0.03	-0.33		-938	-1180	16610	13	-18	774

quat	0.94	-0.03	0.03	-0.33		-1542	-1356	16054	59	5	797

quat	0.95	-0.03	0.03	-0.32		-1706	-1258	15824	95	118	842

quat	0.95	-0.02	0.03	-0.31		-1298	-1050	16016	65	148	775

quat	0.95	-0.02	0.03	-0.31		-804	-1014	16298	-30	77	641

quat	0.95	-0.02	0.03	-0.30		-586	-1222	16590	-126	-40	535

quat	0.95	-0.03	0.03	-0.30		-156	-1194	16544	-148	-152	412

quat	0.95	-0.03	0.03	-0.30		-56	-1272	16836	-113	-165	329

quat	0.95	-0.03	0.03	-0.30		-42	-1054	16502	-14	-99	194

quat	0.95	-0.03	0.03	-0.30		-318	-1210	16522	0	56	72

quat	0.95	-0.03	0.03	-0.30		-320	-1342	16734	2	99	-47

quat	0.95	-0.03	0.03	-0.30		-730	-1450	16688	-18	64	-117

quat	0.95	-0.03	0.03	-0.30		-778	-1384	16634	-62	20	-110

quat	0.95	-0.03	0.03	-0.30		-748	-1518	16692	-114	-21	-97

quat	0.95	-0.03	0.03	-0.30		-812	-1276	16276	-138	12	-108

quat	0.95	-0.03	0.03	-0.30		-848	-1326	16410	-137	67	-183

quat	0.95	-0.03	0.03	-0.30		-1008	-1462	16318	-113	99	-304

quat	0.95	-0.03	0.03	-0.30		-972	-1624	16490	-70	132	-395

quat	0.95	-0.03	0.04	-0.31		-766	-1728	16504	3	157	-489

quat	0.95	-0.03	0.04	-0.31		-956	-1600	16456	45	129	-558

quat	0.95	-0.03	0.04	-0.32		-806	-1322	16398	73	129	-668

quat	0.95	-0.03	0.04	-0.32		-706	-1246	16510	91	114	-844

quat	0.94	-0.03	0.04	-0.33		-652	-1222	16172	91	105	-957

quat	0.94	-0.03	0.04	-0.34		-1242	-1570	16116	53	143	-980

quat	0.94	-0.03	0.04	-0.35		-1492	-1974	16048	18	171	-958

quat	0.93	-0.03	0.04	-0.35		-1138	-1848	16258	-9	193	-862

quat	0.93	-0.03	0.04	-0.36		-934	-1418	16462	-32	212	-806

quat	0.93	-0.03	0.04	-0.36		-452	-1368	16626	17	167	-882

quat	0.93	-0.03	0.04	-0.37		-414	-1010	16868	108	119	-972

quat	0.92	-0.03	0.04	-0.38		-670	-970	16512	81	112	-1088

quat	0.92	-0.03	0.04	-0.39		-1084	-1286	16238	4	158	-1103

quat	0.92	-0.03	0.04	-0.40		-1736	-1684	16068	-33	156	-1092

quat	0.91	-0.03	0.05	-0.40		-2018	-1834	15988	-90	115	-1019

quat	0.91	-0.03	0.05	-0.41		-1882	-1682	16224	-132	100	-956

quat	0.91	-0.03	0.05	-0.42		-1628	-1492	16206	-89	48	-1039

quat	0.90	-0.03	0.05	-0.43		-1246	-1592	16356	-32	48	-1099

quat	0.90	-0.03	0.05	-0.43		-1170	-1444	16198	26	79	-1085

quat	0.90	-0.03	0.05	-0.44		-726	-1132	16426	20	100	-1089

quat	0.89	-0.03	0.05	-0.45		-298	-1190	16476	64	169	-1118

quat	0.89	-0.03	0.05	-0.46		-580	-1130	16386	113	168	-1187

quat	0.88	-0.03	0.05	-0.47		-968	-1466	16452	115	232	-1246

quat	0.88	-0.03	0.05	-0.47		-1062	-1554	16334	132	247	-1243

quat	0.87	-0.02	0.05	-0.48		-1250	-1336	16234	167	262	-1231

quat	0.87	-0.02	0.05	-0.49		-1426	-1208	16108	132	278	-1229

quat	0.86	-0.02	0.06	-0.50		-1278	-1356	16286	64	316	-1217

quat	0.86	-0.02	0.06	-0.51		-1328	-1322	16332	67	287	-1139

quat	0.85	-0.02	0.06	-0.52		-1226	-1438	16660	118	215	-1048

quat	0.85	-0.02	0.06	-0.52		-1210	-1062	16510	199	178	-1016

quat	0.85	-0.02	0.06	-0.53		-1102	-872	16644	158	235	-1018

quat	0.84	-0.01	0.06	-0.54		-530	-926	16592	115	283	-988

quat	0.84	-0.01	0.06	-0.54		-954	-952	16272	87	310	-844

quat	0.83	-0.01	0.06	-0.55		-1042	-1182	16466	52	307	-629

quat	0.83	-0.01	0.06	-0.55		-1014	-1322	16556	82	252	-404

quat	0.83	-0.01	0.06	-0.55		-904	-1078	16570	147	147	-172

quat	0.83	-0.01	0.06	-0.55		-960	-874	16682	191	45	6

quat	0.83	-0.01	0.06	-0.55		-1254	-720	16642	137	-31	131

quat	0.83	-0.01	0.06	-0.55		-1200	-790	16650	47	-89	248

quat	0.83	-0.01	0.06	-0.55		-1102	-762	16560	21	-129	388

quat	0.84	-0.01	0.06	-0.55		-1128	-580	16454	-26	-143	475

quat	0.84	-0.01	0.06	-0.54		-994	-770	16478	-46	-138	529

quat	0.84	-0.01	0.06	-0.54		-1210	-972	16594	-16	-136	610

quat	0.84	-0.01	0.06	-0.53		-1040	-940	16466	16	-146	726

quat	0.85	-0.01	0.05	-0.53		-964	-836	16556	-20	-211	872

quat	0.85	-0.01	0.05	-0.52		-1000	-814	16484	-108	-314	988

quat	0.86	-0.01	0.05	-0.52		-1116	-764	16320	-250	-444	1035

quat	0.86	-0.02	0.05	-0.51		-1154	-772	16022	-334	-518	985

quat	0.86	-0.02	0.05	-0.50		-1250	-1332	16102	-368	-510	951

quat	0.87	-0.02	0.05	-0.49		-404	-1384	16646	-262	-385	944

quat	0.87	-0.02	0.04	-0.49		-8	-1112	16754	-85	-258	877

quat	0.87	-0.03	0.04	-0.48		-502	-1024	16544	-28	-176	884

quat	0.88	-0.03	0.04	-0.48		-1380	-1320	16062	-89	-100	1022

quat	0.88	-0.03	0.04	-0.47		-1894	-1524	15908	-167	-34	1192

quat	0.89	-0.03	0.04	-0.46		-1680	-2050	16442	-213	-89	1352

quat	0.89	-0.03	0.04	-0.45		-890	-1728	16740	-123	-276	1334

quat	0.90	-0.03	0.04	-0.44		-422	-1290	16640	2	-362	1260

quat	0.90	-0.03	0.04	-0.43		-350	-1170	16360	80	-325	1160

quat	0.91	-0.03	0.04	-0.42		-334	-1172	16126	97	-197	1125

quat	0.91	-0.03	0.04	-0.41		-190	-1338	16412	86	-132	1203

quat	0.91	-0.03	0.03	-0.41		-288	-1322	16582	136	-262	1155

quat	0.92	-0.03	0.03	-0.40		-1076	-1246	16216	135	-348	1071

quat	0.92	-0.03	0.03	-0.39		-1248	-1318	16206	108	-412	1010

quat	0.92	-0.03	0.02	-0.38		-1076	-1154	15996	154	-494	952

quat	0.93	-0.03	0.02	-0.38		-642	-908	16258	152	-479	967

quat	0.93	-0.03	0.02	-0.37		970	-604	16994	197	-491	833

quat	0.93	-0.03	0.01	-0.36		1142	-432	16752	264	-489	654

quat	0.93	-0.03	0.01	-0.36		-6	-934	16402	292	-561	576

quat	0.93	-0.03	0.00	-0.35		-1006	-1072	15722	346	-573	581

quat	0.94	-0.03	-0.00	-0.35		-816	-1256	15676	422	-473	597

quat	0.94	-0.02	-0.01	-0.35		-6	-1120	16342	532	-382	587

quat	0.94	-0.02	-0.01	-0.34		522	-510	16458	551	-332	464

quat	0.94	-0.02	-0.01	-0.34		1136	-330	16864	445	-237	407

quat	0.94	-0.01	-0.02	-0.33		1504	-86	17010	308	-195	401

quat	0.94	-0.01	-0.02	-0.33		1782	62	17360	185	-184	436

quat	0.94	-0.01	-0.02	-0.33		968	-364	17006	144	-294	409

quat	0.95	-0.01	-0.02	-0.33		12	-426	16622	168	-341	403

quat	0.95	-0.01	-0.03	-0.32		144	-560	15950	263	-244	427

quat	0.95	-0.01	-0.03	-0.32		536	-390	16330	336	-152	436

quat	0.95	-0.01	-0.03	-0.32		1080	50	16380	313	-70	364

quat	0.95	-0.01	-0.03	-0.31		1404	-152	16622	159	-89	349

quat	0.95	-0.01	-0.03	-0.31		1486	-126	16494	105	-136	298

quat	0.95	-0.01	-0.03	-0.31		1124	-288	16370	86	-182	295

quat	0.95	-0.01	-0.03	-0.31		624	-528	16194	127	-215	283

quat	0.95	-0.01	-0.04	-0.30		232	-304	15854	157	-155	230

quat	0.95	-0.01	-0.04	-0.30		362	-50	15604	107	-67	114

quat	0.95	-0.01	-0.04	-0.30		948	-2	16080	2	71	9

quat	0.95	-0.01	-0.04	-0.30		1710	366	16412	-70	133	-78

quat	0.95	-0.01	-0.03	-0.30		1618	124	16774	-130	123	-140

quat	0.95	-0.01	-0.03	-0.31		1356	130	16716	-108	123	-176

quat	0.95	-0.01	-0.03	-0.31		1024	-110	16692	-66	88	-181

quat	0.95	-0.01	-0.03	-0.31		722	-128	16360	-40	98	-196

quat	0.95	-0.01	-0.03	-0.31		686	-152	16204	-86	128	-229

quat	0.95	-0.01	-0.03	-0.31		824	-194	16344	-166	203	-282

quat	0.95	-0.01	-0.03	-0.31		1126	-82	16380	-204	238	-347

quat	0.95	-0.01	-0.02	-0.32		692	-54	16396	-217	292	-406

quat	0.95	-0.01	-0.02	-0.32		624	-188	16406	-226	317	-449

quat	0.95	-0.01	-0.02	-0.32		610	-162	16424	-215	313	-528

quat	0.94	-0.01	-0.02	-0.33		648	-266	16394	-220	285	-602

quat	0.94	-0.01	-0.01	-0.33		1532	-2322	18092	-161	255	-697

quat	0.94	-0.01	-0.01	-0.34		916	118	16280	158	246	-825

quat	0.94	-0.01	-0.01	-0.35		708	-104	16578	197	346	-857

quat	0.94	-0.01	-0.01	-0.35		436	-650	16558	114	349	-905

quat	0.93	-0.01	-0.01	-0.36		-294	-1038	16746	-48	184	-864

quat	0.93	-0.01	-0.00	-0.37		-876	-128	15472	-257	-7	-853

quat	0.93	-0.01	-0.00	-0.37		-640	-386	16780	-398	-21	-941

quat	0.92	-0.01	-0.00	-0.38		616	-194	17268	-131	-52	-1050

quat	0.92	-0.01	-0.00	-0.39		558	96	16768	28	45	-1162

quat	0.92	-0.01	-0.00	-0.40		384	72	16494	-10	227	-1213

quat	0.91	-0.01	-0.00	-0.41		-230	114	15972	-107	365	-1287

quat	0.91	-0.01	0.00	-0.42		-918	-312	15752	-276	461	-1324

quat	0.90	-0.01	0.01	-0.43		-1140	-678	15920	-403	429	-1340

quat	0.90	-0.01	0.01	-0.44		-772	-896	16430	-377	420	-1323

quat	0.90	-0.01	0.02	-0.45		34	-690	16954	-272	328	-1312

quat	0.89	-0.01	0.02	-0.45		798	-220	17030	-225	365	-1333

quat	0.89	-0.02	0.02	-0.46		278	-358	16670	-252	452	-1329

quat	0.88	-0.02	0.03	-0.47		-122	-944	16636	-310	532	-1296

quat	0.88	-0.02	0.03	-0.48		-1430	-598	15512	-450	654	-1284

quat	0.87	-0.02	0.04	-0.49		-1772	-1370	15680	-677	682	-1236

quat	0.86	-0.02	0.05	-0.50		-2010	-2052	15988	-712	572	-1221

quat	0.86	-0.02	0.05	-0.51		-2094	-2080	15760	-657	505	-1054

quat	0.86	-0.03	0.06	-0.51		-1378	-1714	16362	-505	516	-798

quat	0.85	-0.03	0.06	-0.52		-366	-1380	17002	-345	477	-701

quat	0.85	-0.03	0.07	-0.52		-264	-920	16986	-169	411	-686

quat	0.85	-0.03	0.07	-0.53		-678	-1078	16948	-107	333	-619

quat	0.84	-0.03	0.07	-0.53		-746	-1298	16696	-61	290	-483

quat	0.84	-0.03	0.07	-0.53		-560	-1340	16698	-5	233	-204

quat	0.84	-0.02	0.07	-0.53		-208	-1502	17040	71	128	60

quat	0.84	-0.02	0.07	-0.53		-246	-1384	16894	195	10	262

quat	0.85	-0.02	0.07	-0.53		-1424	-1162	16156	210	-107	385

quat	0.85	-0.02	0.07	-0.53		-2078	-1418	15982	119	-96	503

quat	0.85	-0.02	0.07	-0.52		-1808	-1390	16044	98	-122	592

quat	0.85	-0.02	0.07	-0.52		-1318	-1262	16386	136	-190	667

quat	0.86	-0.02	0.06	-0.51		-1256	-1332	16332	169	-272	711

quat	0.86	-0.02	0.06	-0.51		-1060	-1346	16236	158	-322	778

quat	0.86	-0.02	0.06	-0.50		-1544	-1490	16238	161	-305	868

quat	0.87	-0.02	0.06	-0.50		-1520	-1486	16084	196	-311	891

quat	0.87	-0.02	0.05	-0.49		-1134	-1406	16514	236	-328	864

quat	0.87	-0.02	0.05	-0.48		-592	-1272	16558	290	-410	782

quat	0.88	-0.02	0.05	-0.48		-852	-990	16304	281	-437	786

quat	0.88	-0.02	0.04	-0.47		-670	-1084	16370	164	-412	846

quat	0.88	-0.02	0.04	-0.47		-1058	-1662	16602	34	-365	904

quat	0.89	-0.02	0.04	-0.46		-1918	-1028	15630	41	-290	848

quat	0.89	-0.02	0.04	-0.46		-1152	-1136	16208	-83	-100	856

quat	0.89	-0.02	0.04	-0.45		-248	-966	16386	-126	-91	748

quat	0.89	-0.02	0.04	-0.44		-564	-1152	16294	-188	-107	721

quat	0.90	-0.02	0.04	-0.44		-378	-1022	16090	-219	-55	739

quat	0.90	-0.02	0.04	-0.43		-38	-1212	16542	-216	21	736

quat	0.90	-0.02	0.04	-0.43		-96	-1014	16576	-261	8	717

quat	0.90	-0.03	0.04	-0.42		-688	-1256	16552	-345	34	710

quat	0.91	-0.03	0.04	-0.42		-942	-1684	16696	-415	-25	679

quat	0.91	-0.03	0.04	-0.41		-924	-1386	16418	-365	-140	593

quat	0.91	-0.04	0.04	-0.41		-1168	-882	15992	-399	-197	501

quat	0.91	-0.04	0.04	-0.41		-1048	-1288	16130	-459	-197	395

quat	0.91	-0.04	0.04	-0.40		-1128	-1824	16372	-412	-208	265

quat	0.91	-0.05	0.04	-0.40		-784	-2112	16604	-292	-237	189

quat	0.91	-0.05	0.04	-0.40		-382	-2220	16850	-118	-284	143

quat	0.91	-0.05	0.04	-0.40		-438	-2260	16908	18	-367	120

quat	0.92	-0.05	0.03	-0.40		-912	-1584	16184	27	-453	119

quat	0.92	-0.05	0.03	-0.40		-826	-1522	15984	-82	-401	142

quat	0.92	-0.05	0.03	-0.40		-876	-1828	15808	-174	-251	148

quat	0.92	-0.05	0.03	-0.39		-530	-2264	16040	-180	-113	111

quat	0.92	-0.06	0.03	-0.39		-186	-2338	16220	-107	-39	68

quat	0.92	-0.06	0.03	-0.39		96	-2344	16482	-17	-69	42

quat	0.92	-0.06	0.03	-0.39		414	-2226	16472	57	-159	16

quat	0.92	-0.06	0.03	-0.39		524	-2182	16576	102	-255	-7

quat	0.92	-0.06	0.02	-0.39		426	-2124	16152	133	-270	23

quat	0.92	-0.06	0.02	-0.39		-340	-2090	16172	111	-226	28

quat	0.92	-0.06	0.02	-0.39		-178	-2454	16312	52	-123	22

quat	0.92	-0.06	0.02	-0.39		222	-2348	16448	101	-72	-9

quat	0.92	-0.06	0.02	-0.39		474	-1890	16306	148	-52	-23

quat	0.92	-0.06	0.02	-0.39		554	-1806	16304	114	-86	-6

quat	0.92	-0.06	0.02	-0.39		500	-1830	16146	70	-139	37

quat	0.92	-0.06	0.01	-0.39		276	-1926	16086	47	-193	25

quat	0.92	-0.06	0.01	-0.39		84	-1936	16054	24	-198	13

quat	0.92	-0.06	0.01	-0.39		136	-2050	16220	47	-189	-7

quat	0.92	-0.06	0.01	-0.39		428	-1884	16210	98	-146	-21

quat	0.92	-0.06	0.01	-0.39		678	-1736	16190	127	-117	0

quat	0.92	-0.06	0.01	-0.39		574	-1714	16352	120	-100	16

quat	0.92	-0.05	0.01	-0.39		640	-1718	16436	86	-105	14

quat	0.92	-0.05	0.01	-0.39		598	-1806	16526	56	-107	19

quat	0.92	-0.05	0.01	-0.39		606	-1922	16596	37	-100	22

quat	0.92	-0.05	0.00	-0.39		756	-1978	16608	43	-65	31

quat	0.92	-0.05	0.00	-0.39		714	-1690	16434	46	-39	32

quat	0.92	-0.05	0.00	-0.39		822	-1638	16218	49	7	44

quat	0.92	-0.05	0.00	-0.39		808	-1636	16270	59	35	53

quat	0.92	-0.05	0.00	-0.39		630	-1718	16296	65	40	38

quat	0.92	-0.05	0.00	-0.39		634	-1838	16448	101	-6	-4

quat	0.92	-0.05	0.00	-0.39		788	-1226	16110	173	-4	-5

quat	0.92	-0.05	0.00	-0.39		852	-1218	16400	222	22	83

quat	0.92	-0.05	0.00	-0.39		504	-1340	16260	239	29	74

quat	0.92	-0.05	0.00	-0.39		300	-1426	16786	175	25	67

quat	0.92	-0.05	0.00	-0.39		210	-1526	16698	84	-26	31

quat	0.92	-0.04	0.00	-0.39		320	-1268	16696	100	-15	-4

quat	0.92	-0.04	0.00	-0.39		718	-1106	16602	72	38	-11

quat	0.92	-0.04	0.00	-0.39		710	-1312	16580	31	84	25

quat	0.92	-0.04	0.00	-0.39		524	-1298	16628	4	78	27

quat	0.92	-0.04	0.00	-0.39		520	-1388	16478	10	62	20

quat	0.92	-0.04	0.00	-0.39		518	-1304	16402	14	38	14

quat	0.92	-0.04	0.00	-0.39		534	-1236	16420	4	58	23

quat	0.92	-0.04	0.00	-0.39		414	-1174	16270	-28	89	23

quat	0.92	-0.04	0.00	-0.39		454	-1312	16394	-11	105	11

quat	0.92	-0.04	0.00	-0.39		526	-1380	16406	5	85	19

quat	0.92	-0.04	0.01	-0.39		430	-1242	16392	-15	44	38

quat	0.92	-0.04	0.01	-0.39		292	-1260	16314	-24	47	42

quat	0.92	-0.04	0.01	-0.39		504	-1432	16458	-25	66	37

quat	0.92	-0.04	0.01	-0.39		472	-1306	16388	-26	62	32

quat	0.92	-0.04	0.01	-0.39		356	-1312	16310	-24	62	19

quat	0.92	-0.04	0.01	-0.39		386	-1398	16324	-1	49	19

quat	0.92	-0.04	0.01	-0.39		372	-1470	16314	-12	28	26

quat	0.92	-0.04	0.01	-0.39		302	-1534	16488	-6	25	33

quat	0.92	-0.04	0.01	-0.39		380	-1388	16590	-29	40	13

quat	0.92	-0.04	0.01	-0.39		520	-1296	16458	-22	63	3

quat	0.92	-0.04	0.01	-0.39		728	-1366	16558	-17	86	23

quat	0.92	-0.04	0.01	-0.39		478	-1284	16488	-34	82	71

quat	0.92	-0.04	0.01	-0.38		134	-1478	16398	-57	83	95

quat	0.92	-0.04	0.01	-0.38		28	-1478	16438	-45	63	59

quat	0.92	-0.04	0.01	-0.38		-52	-1478	16400	-57	54	39

quat	0.92	-0.04	0.01	-0.38		228	-1396	16312	-32	59	16

quat	0.92	-0.04	0.01	-0.38		340	-1412	16392	-33	59	28

quat	0.92	-0.04	0.01	-0.38		176	-1364	16404	-30	38	21

quat	0.92	-0.04	0.01	-0.38		128	-1426	16322	-34	48	34

quat	0.92	-0.04	0.01	-0.38		334	-1350	16488	-12	48	26

quat	0.92	-0.04	0.01	-0.38		150	-1354	16344	-57	44	55

quat	0.92	-0.04	0.02	-0.38		188	-1408	16494	-3	53	41

quat	0.92	-0.04	0.02	-0.38		208	-1476	16622	-11	41	50

quat	0.92	-0.04	0.02	-0.38		-52	-1536	16366	-36	45	67

quat	0.92	-0.04	0.02	-0.38		-250	-1606	16554	-29	73	41

quat	0.92	-0.04	0.02	-0.38		-188	-1744	16554	-47	62	6

quat	0.92	-0.04	0.02	-0.38		230	-1622	16424	-39	29	-24

quat	0.92	-0.04	0.02	-0.38		586	-1342	16326	-22	15	-4

quat	0.92	-0.04	0.02	-0.38		524	-1364	16336	-19	9	37

quat	0.92	-0.04	0.02	-0.38		342	-1468	16406	-20	-8	55

quat	0.92	-0.04	0.02	-0.38		108	-1532	16444	-32	-15	69

quat	0.92	-0.04	0.02	-0.38		152	-1440	16356	-26	-14	59

quat	0.92	-0.04	0.02	-0.38		44	-1418	16222	-54	11	75

quat	0.92	-0.04	0.02	-0.38		-226	-1406	16096	-26	-20	64

quat	0.92	-0.04	0.02	-0.38		-278	-1588	16020	-47	77	30

quat	0.92	-0.04	0.02	-0.38		-324	-1724	16014	-61	91	23

quat	0.92	-0.04	0.02	-0.38		-232	-1654	16074	-47	149	-5

quat	0.92	-0.04	0.02	-0.38		-30	-1664	16162	-29	116	-3

quat	0.92	-0.04	0.02	-0.38		-118	-1566	16186	-27	2	15

quat	0.92	-0.04	0.02	-0.38		144	-1560	16854	4	158	-21

quat	0.92	-0.04	0.02	-0.38		242	-1580	17004	-57	245	32

quat	0.92	-0.04	0.03	-0.38		-84	-1642	17080	-181	430	44

quat	0.92	-0.04	0.03	-0.38		-264	-2048	16594	-204	500	50

quat	0.92	-0.04	0.03	-0.38		-490	-1820	16570	-171	467	71

quat	0.92	-0.04	0.04	-0.38		-60	-1594	15934	-79	76	82

quat	0.92	-0.04	0.04	-0.38		10	-1548	16424	-10	4	53

quat	0.92	-0.04	0.04	-0.38		-122	-1734	16556	-38	6	81

quat	0.93	-0.05	0.04	-0.38		-314	-1832	16518	-50	-28	83

quat	0.93	-0.05	0.04	-0.37		96	-1634	16372	-68	-21	57

quat	0.93	-0.05	0.04	-0.37		88	-1598	16306	-77	2	110

quat	0.93	-0.05	0.04	-0.37		-338	-1726	16370	-86	70	156

quat	0.93	-0.05	0.04	-0.37		-560	-1954	16532	-75	95	128

quat	0.93	-0.05	0.04	-0.37		-426	-2036	16474	-42	105	92

quat	0.93	-0.05	0.04	-0.37		-396	-2078	16416	-36	110	84

quat	0.93	-0.05	0.04	-0.37		-462	-2226	16494	-23	131	94

quat	0.93	-0.05	0.04	-0.37		-412	-2328	16828	9	97	75

quat	0.93	-0.05	0.04	-0.37		-394	-2390	17002	-27	54	82

quat	0.93	-0.05	0.04	-0.37		-318	-2244	16678	-66	18	89

quat	0.93	-0.05	0.04	-0.37		-368	-2228	16562	-45	18	89

quat	0.93	-0.05	0.04	-0.37		-358	-2312	16550	-50	-4	90

quat	0.93	-0.05	0.04	-0.37		112	-2804	16772	-72	19	113

quat	0.93	-0.05	0.04	-0.36		-650	-2672	16840	-80	20	130

quat	0.93	-0.05	0.04	-0.36		-522	-2340	16364	-103	39	91

quat	0.93	-0.05	0.04	-0.36		-358	-2472	16386	-75	1	119

quat	0.93	-0.05	0.04	-0.36		-592	-2646	16618	-72	-1	135

quat	0.93	-0.05	0.04	-0.36		-886	-2790	16552	-92	-47	117

quat	0.93	-0.05	0.04	-0.36		-1010	-2776	16504	-61	-70	72

quat	0.93	-0.05	0.04	-0.36		-758	-2794	16484	-17	-109	40

quat	0.93	-0.05	0.04	-0.36		-490	-2912	16288	66	-82	88

quat	0.93	-0.05	0.04	-0.36		-844	-2392	16370	62	-104	107

