501,-309,15994
731,442,15951
476,-103,16036
475,-65,16031
450,-102,16078
511,-79,16034
545,-119,16004
487,-108,16012
487,-108,16033
478,-84,16003
478,-109,16008
477,-119,16028
494,-86,15995
482,-82,16021
488,-81,16002
475,-83,16024
476,-72,16003
479,-74,16025
493,-55,16009
490,-61,16008
493,-76,16017
488,-63,16039
485,-50,15986
476,-73,16006
486,-64,16037
488,-64,16026
488,-42,16001
472,-86,16017
467,-58,16038
484,-44,15998
481,-67,15995
490,-59,16008
493,-40,16001
481,-46,16020
495,-56,16020
491,-62,16008
484,-63,16018
476,-48,16014
480,-48,16018
479,-76,16001
492,-65,16002
477,-61,16025
487,-60,16015
476,-56,15970
493,-49,16017
464,-38,16028
490,-59,16007
494,-64,16014
494,-64,16005
477,-59,15994
474,-40,15988
476,-62,16021
478,-39,16018
486,-46,16007
496,-35,16019
520,-52,16011
471,-80,16016
490,-29,15955
446,40,15992
546,-22,15993
506,-10,16024
470,-62,16023
456,-57,15973
505,-86,15996
477,-77,16023
499,-51,16035
488,-59,15998
553,-60,15911
504,-174,15918
477,-86,16031
500,-31,16024
491,-43,15985
479,-94,16013
490,-55,16015
470,-31,16008
488,-67,16020
475,-51,16016
501,-34,15989
475,-56,16021
482,-46,16050
491,-47,15998
479,-117,16001
481,-43,16021
475,-48,16023
476,-44,15976
476,-53,16011
474,-52,16034
472,-40,15988
469,-45,16005
471,-56,16025
480,3,15943
482,-46,15978
468,-58,16013
507,69,16039
488,71,15962
461,-55,15967
477,-5,16033
473,17,16030
482,31,15995
473,-1,15998
498,42,16011
488,69,16015
465,153,16054
467,67,16015
482,47,16011
446,136,15988
419,246,16023
417,3,16174
455,-203,16042
503,52,15973
302,146,16048
733,693,15835
574,-167,16054
416,158,16013
415,191,16020
540,-66,16049
478,240,15967
473,94,15998
553,-11,15958
464,128,16012
511,-30,16019
472,138,15994
447,36,15983
440,135,16038
448,174,16025
453,143,16020
459,98,15988
495,169,16034
492,153,16009
510,130,16000
466,61,15977
499,547,16064
457,251,15987
542,601,16009
594,-1210,16048
496,214,15929
425,291,16018
618,69,15989
605,239,15964
540,220,16002
560,255,15986
548,294,15982
554,308,15985
537,432,15972
521,250,15994
552,338,16017
561,166,16002
615,382,16005
543,445,15991
542,264,16097
645,692,16010
539,215,15912
459,513,16012
540,277,15948
-292,846,16098
596,428,15688
470,254,16300
592,481,15899
412,518,15941
698,358,16052
612,573,16015
932,824,16366
644,875,15740
276,360,16137
458,760,15846
337,623,15949
461,574,16311
622,922,16042
703,714,15681
815,-146,16617
716,273,15817
704,463,16317
717,575,16008
771,794,15147
825,458,15917
710,435,16102
756,508,15970
773,493,15950
745,471,16006
745,454,15986
719,446,15977
693,430,16029
667,477,15983
841,369,15952
735,341,15993
618,343,16025
1013,501,15859
947,516,16062
896,235,15986
657,503,16021
693,328,16061
900,35,16395
312,-234,16220
1843,1295,14489
2432,1494,16007
565,856,16465
-76,390,16162
381,-446,16048
1040,-42,16246
876,-116,15815
1468,435,15492
748,479,15839
446,694,15365
-776,399,15668
1247,467,16250
281,-233,14573
-2002,-262,17063
-1227,1227,15808
-1132,911,15809
2209,1543,15920
-1598,1933,15429
-435,2055,14394
-1458,5411,16083
-1066,985,15853
-2256,1708,16315
-2534,2260,15591
-2614,2388,16064
-2863,2164,16298
-3391,3276,15161
-2403,3680,14599
-2007,4372,14588
-3586,3210,14506
-3128,4363,15024
-3204,4857,15144
-3159,4801,15055
-2749,5695,14958
-1888,5940,14423
-2551,5387,14103
-2711,5549,14187
-3210,5893,14641
-2247,6227,14759
-1914,6133,14338
-2806,5863,14577
-2517,5916,14532
-2469,5803,14781
-2403,5761,14229
-2271,5912,14534
-3673,5198,15248
-3147,5860,14808
-2616,5747,14317
-2759,4990,14069
-8076,3830,8546
-2798,4067,14431
-3547,3792,15080
-6893,949,16674
-3109,3491,15688
-3288,2490,16269
-3025,3183,15020
-2582,3455,15530
-2390,2615,15560
-2279,1709,15858
-2432,1300,15368
-1834,2092,16291
-1804,375,15781
-1279,1976,14717
-616,891,15320
-962,1556,15577
-522,1407,16162
38,2234,16652
960,1845,16308
2369,2229,15945
1013,1194,15435
1409,-684,14213
3739,1801,15495
2530,1559,14365
4529,2814,14452
6754,3507,14409
-4799,-918,19064
3713,2145,15694
5586,4150,14324
4951,3492,14265
4015,4828,14930
3092,3827,15260
5080,4607,14249
5079,4277,14367
4558,4575,15232
4078,4342,15130
4159,3870,15039
3676,4810,15607
4030,4573,15516
4372,3894,15096
3949,4316,15035
4597,3897,14942
4693,3587,15090
4949,3232,15258
3499,4051,15943
2463,3035,15342
2630,1792,14690
2359,2036,15056
2377,2094,15713
1446,3051,16767
1196,2911,17097
558,1687,15924
73,1811,16129
122,1224,15510
68,562,15897
396,1273,15399
-867,1622,16418
-1128,473,16851
-257,80,17741
-1263,395,17433
-1954,192,16568
-998,-968,15484
-1922,-891,15622
-1857,-1110,14552
-2057,-455,15629
-2790,-80,17469
-4383,-566,19201
-3830,-1304,17561
-4292,-619,16164
-5430,-62,14930
-6669,1472,17355
-8951,335,16518
-7233,2774,15986
-8813,574,12375
-8595,1285,11964
-10851,3458,11835
-12690,2654,12485
-11697,1933,10568
-10571,1250,8138
-10816,2587,8308
-14206,5024,7334
-14768,5096,5658
-14305,4556,6215
-13106,5886,3902
-13468,6722,3194
-14460,4037,6714
-15720,5923,1449
-16201,5423,-22
-15208,6079,-1223
-13995,7659,-3261
-12991,7420,-3994
-13497,8365,-2673
-11233,10627,-6440
-8846,8214,-5856
-10133,6653,-8091
-7695,7980,-9617
-5565,8432,-10442
-5147,8224,-10511
-4467,8665,-9386
-147,8294,-10774
-1505,8619,-10754
-419,8640,-11266
4197,7632,-11365
3177,8052,-11948
2563,6145,-10187
3500,6959,-12891
5483,5722,-17757
7257,4641,-16470
9654,10484,-13311
7367,5973,-13015
11754,14510,-13942
6915,6567,-15897
7599,6888,-13649
3990,3208,-12901
5228,3099,-11689
7311,2659,-14838
4777,4109,-14195
4856,2805,-13805
6748,427,-14889
7182,-1924,-14287
6855,-1157,-14094
5731,457,-14982
4294,-1394,-14571
6718,-1270,-14972
7610,-2957,-16002
7835,-810,-16003
5264,-2296,-17183
5406,-1499,-17110
6159,-3045,-16524
6720,-2690,-16296
6485,-2365,-17009
6438,-1796,-17830
6622,-1696,-18319
6260,-2087,-18491
5491,-1038,-16595
5358,-164,-8794
4692,3271,-13814
4639,3123,-14756
4443,4611,-14775
3991,6387,-15558
4175,8290,-16163
2177,7382,-14078
791,8246,-12813
-298,9095,-11732
455,11121,-11369
-1606,10136,-10917
-5860,10574,-11279
-6398,10957,-6971
-6010,10333,-4323
-4671,10120,-5981
-9420,7618,-5180
-10971,5985,-4600
-11368,8031,-2593
-12839,8448,-112
-15722,11494,1343
-14430,6113,4643
-12243,7322,997
-12755,8209,5184
-14532,8015,7134
-12145,3463,7542
-14420,3012,10004
-13269,3072,9614
-12522,1814,8726
-12763,2572,8163
-12856,3629,9118
-11264,3719,10706
-11795,3963,8243
-10794,4130,9446
-10745,3198,10854
-11159,2967,11264
-10937,3138,12593
-10871,2339,11947
-10087,682,11636
-10389,1439,13234
-9553,720,14225
-9091,535,15508
-8363,347,14472
-7445,52,15039
-6936,-187,16726
-6942,-45,15827
-7149,-536,15462
-6217,-2120,16133
-5887,-1830,16286
-5709,-2213,16077
-5495,-3289,15475
-5195,-2547,15585
-5077,-3933,15925
-4428,-7229,18069
-4636,-6414,18077
-4704,-7492,14769
-3536,-9735,14549
-3665,-11046,15104
-3207,-11130,15820
-3129,-8591,16640
-2100,-6133,14069
-616,-7444,14122
231,-9072,13035
1238,-11601,13232
2255,-13378,10879
3709,-10113,8317
4511,-10026,8502
5788,-12238,8700
6308,-12301,9535
7106,-11190,6184
8230,-12877,3894
8515,-10620,4366
8495,-9147,2833
9282,-10139,2173
10932,-14159,3227
12337,-15133,2134
12706,-13976,2459
11588,-10405,185
12391,-11740,1416
13483,-13176,887
13470,-11296,112
12430,-8512,373
10833,-6632,-2036
13232,-9665,-1489
13812,-10172,-2804
12772,-7959,-3922
12528,-6272,-3553
11894,-8270,-2411
11849,-9068,-1604
12554,-8458,-3930
12503,-8429,-3809
12239,-8273,-3339
11876,-7981,-2935
11994,-7772,-3336
11730,-8985,-850
11058,-8212,-396
10864,-9256,1081
10984,-9876,514
11299,-10935,389
11428,-11282,-400
10837,-11663,219
10236,-11271,2272
9459,-12142,4390
8800,-12724,5208
8325,-12009,5448
7422,-11043,4295
6587,-11059,5610
5619,-12139,9506
3821,-10602,10790
2147,-7549,11326
567,-7163,12348
-761,-6212,12730
-2182,-5839,14452
-3357,-7407,17329
-3990,-6469,19090
-3195,-6382,19631
-2770,-6093,18513
-2095,-5545,15930
-1436,-6779,21945
-950,-4487,18201
-673,-2370,19755
-2584,-628,16377
-3125,1248,15564
-2571,1534,16703
-1518,-1131,17844
-448,-1393,17902
-1078,-2454,17934
-1243,-1102,16393
-1336,59,16444
-1346,73,15368
-883,183,15458
-848,83,15301
-534,-557,15725
-1154,211,15367
-1099,35,15953
207,350,12246
-5893,-1248,10568
2319,5929,18341
-1971,96,16199
-556,-66,16999
-1757,1599,15993
-1751,-1444,14966
83,63,15813
-110,1408,15915
-2054,1515,15969
-863,347,15703
-1461,1159,16231
-214,1803,16888
-214,-1707,15914
-316,-1914,15457
-661,1016,15970
-225,990,17283
-1585,1561,16140
-737,3053,15622
-2090,2134,16085
-1749,-1434,14885
-1880,-1618,15391
-2168,-1656,14898
-1660,955,16521
-2041,2497,16530
-1142,451,15433
-758,-18,14634
-2606,1581,16101
-4186,2899,16095
-1567,394,15217
-2308,381,16080
-2131,-165,15821
-2129,-28,15948
-2239,87,15780
-2272,248,15759
-1130,-2779,16493
417,-188,13043
-2533,203,15874
-5428,3694,17644
-2834,3091,16436
-1169,-2378,15965
-2401,867,15724
-2501,429,15325
-2353,297,15710
-2185,-91,15812
-1897,-473,16089
-2000,-342,15899
-2156,-32,15836
-2294,99,15697
-2293,109,15738
-2144,-111,15771
-2069,-173,15897
-2026,-139,15878
-2256,-16,15824
-2310,23,15811
-2145,-20,15783
-2118,-97,15794
-2164,-104,15881
-2132,-15,15817
-2206,-32,15852
-2181,20,15815
-2416,-1,15819
-2213,-8,15874
-2148,-34,15787
-2086,-28,15859
-2244,15,15807
-2213,-24,15752
-2260,-39,15829
-2207,-31,15798
-2168,-22,15822
-2209,-9,15834
-2172,-22,15810
-2224,-12,15847
-2163,-19,15794
-2167,-75,15676
-2250,-5,15883
-2195,5,15842
-2191,-33,15753
-2136,6,15794
-2235,-9,15776
-2287,-15,15820
-2194,27,15835
-2198,-7,15773
-2182,5,15852
-2218,23,15834
-2227,-33,15788
-2218,-17,15844
-2239,31,15861
-2229,16,15816
-2269,55,15734
-2251,-21,15837
-2202,2,15871
-2222,-17,15896
-2176,-38,15781
-2262,32,15874
-2227,-10,15852
-2218,32,15752
-2231,-16,15839
-2226,34,15783
-2263,48,15753
-2242,15,15864
-2222,27,15799
-2210,-44,15784
-2259,79,15817
-2221,36,15721
-2223,13,15729
-2259,20,15838
-2246,40,15822
-2244,18,15750
-2259,13,15857
-2236,20,15834
-2236,27,15809
-2242,15,15847
-2262,31,15821
-2217,51,15792
-2247,44,15854
-2242,37,15813
-2233,37,15827
-2234,47,15775
-2221,41,15737
-2254,27,15868
-2238,50,15800
-2229,16,15804
-2252,42,15841
-2234,48,15793
-2246,26,15813
-2248,37,15837
-2238,32,15766
-2240,29,15839
-2236,57,15833
-2231,30,15799
-2267,33,15826
-2234,36,15776
-2232,8,15829
-2218,27,15791
-2266,27,15772
-2268,153,15874
-2247,41,15774
-2266,23,15806
-2266,48,15833
-2241,48,15814
-2271,46,15827
-2271,73,15783